step,system_total_stopped,system_total_waiting_time,system_mean_waiting_time,system_mean_speed,t_stopped,t_accumulated_waiting_time,t_average_speed,agents_total_stopped,agents_total_accumulated_waiting_time
5.0,0,0.0,0.0,12.598886059833392,0,0.0,0.9600084351020828,0,0.0
10.0,0,0.0,0.0,12.769647178424686,0,0.0,0.9297752334385052,0,0.0
15.0,1,1.0,0.08333333333333333,11.680914250659256,1,1.0,0.8627367615168594,1,1.0
20.0,3,9.0,0.6,9.142334140620555,3,9.0,0.6499418597872785,3,9.0
25.0,5,32.0,1.5238095238095237,8.056430072202641,5,32.0,0.5215107408795222,5,32.0
30.0,10,73.0,3.3181818181818183,6.213534276992309,10,73.0,0.37709443088413935,10,73.0
35.0,12,131.0,5.954545454545454,4.698558497800426,12,131.0,0.21767897438667047,12,131.0
40.0,15,200.0,8.333333333333334,4.609506554236042,15,200.0,0.22773483549960885,15,200.0
45.0,18,279.0,11.16,3.271761401734503,18,279.0,0.17235037249703972,18,279.0
50.0,19,373.0,15.541666666666666,1.7528135627965937,19,373.0,0.09153615552970162,19,373.0
55.0,16,264.0,9.428571428571429,2.9687345953866853,16,392.0,0.17781036587742846,16,392.0
60.0,9,79.0,2.5483870967741935,4.8865595067261465,9,323.0,0.2070037078661162,9,323.0
65.0,4,21.0,0.6363636363636364,6.9651280434652705,4,187.0,0.28619755476117303,4,187.0
70.0,2,3.0,0.08823529411764706,7.126541058424093,2,183.0,0.3884591227404218,2,183.0
75.0,8,29.0,0.8787878787878788,6.272517983551374,8,209.0,0.34509470071846393,8,209.0
80.0,14,85.0,2.65625,4.19441752513362,14,265.0,0.2397688837596113,14,265.0
85.0,20,173.0,4.805555555555555,3.1274811973769587,20,353.0,0.14891529460732167,20,353.0
90.0,26,289.0,7.8108108108108105,2.5452191267183406,26,471.0,0.12497051733149807,26,471.0
95.0,31,435.0,10.875,2.4870195595198816,31,617.0,0.12117678555270678,31,617.0
100.0,34,597.0,13.883720930232558,2.1140643548957483,34,779.0,0.078563676775594,34,779.0
105.0,37,779.0,18.11627906976744,1.425387881745445,37,961.0,0.047707538010080444,37,961.0
110.0,38,968.0,22.0,1.68912910988146,38,1150.0,0.06975340973257442,38,1150.0
115.0,38,1158.0,26.318181818181817,1.8859710518186155,38,1340.0,0.0699904232887122,38,1340.0
120.0,38,1348.0,29.955555555555556,2.1996990784730657,38,1530.0,0.09256282706508079,38,1530.0
125.0,38,1538.0,34.17777777777778,2.236511154297765,38,1720.0,0.0909674384145234,38,1720.0
130.0,33,1372.0,30.488888888888887,1.770059131414746,33,1738.0,0.09224210947450416,33,1738.0
135.0,26,970.0,21.555555555555557,3.131580897422321,26,1589.0,0.14550986136097735,26,1589.0
140.0,16,555.0,12.065217391304348,4.9398456862171685,16,1301.0,0.19450344030703676,16,1301.0
145.0,6,175.0,4.069767441860465,4.872949780409879,6,1335.0,0.22511433747834714,6,1335.0
150.0,9,33.0,0.825,5.5249208509602,9,1338.0,0.25112799014707976,9,1338.0
155.0,14,93.0,2.268292682926829,4.838768325368512,14,1398.0,0.2096465376912641,14,1398.0
160.0,19,177.0,4.317073170731708,2.7969984092409033,19,1482.0,0.08153184537280468,19,1482.0
165.0,28,298.0,7.45,1.5044576291325087,28,1603.0,0.04040383846712142,28,1603.0
170.0,32,450.0,10.714285714285714,1.280365160126061,32,1755.0,0.050701293331926536,32,1755.0
175.0,38,634.0,15.095238095238095,1.3333071000260364,38,1939.0,0.07127746001380725,38,1939.0
180.0,33,616.0,14.0,2.0033352670932216,33,1934.0,0.10578979608912892,33,1934.0
185.0,23,449.0,9.977777777777778,3.417402572306501,23,1720.0,0.1665508584373552,23,1720.0
190.0,17,333.0,7.085106382978723,5.159169370732105,17,1328.0,0.22605445216079878,17,1328.0
195.0,8,147.0,3.1956521739130435,5.439885603484286,8,1367.0,0.2860129617831786,8,1367.0
200.0,8,29.0,0.6904761904761905,5.905147538848901,8,1384.0,0.2634715143332116,8,1384.0
205.0,13,82.0,1.8636363636363635,5.5272610037896115,13,1437.0,0.21054295404473886,13,1437.0
210.0,14,82.0,1.8636363636363635,3.9507542386137318,14,1324.0,0.17464500909085037,14,1324.0
215.0,11,47.0,1.119047619047619,4.105493331488013,11,1023.0,0.1899728224392078,11,1023.0
220.0,13,38.0,0.8837209302325582,4.86509786824812,13,578.0,0.1470679099138734,13,578.0
225.0,7,31.0,0.7560975609756098,5.040519035392494,7,623.0,0.24094278756448842,7,623.0
230.0,8,28.0,0.717948717948718,5.832891480928393,8,647.0,0.2755539859436807,8,647.0
235.0,14,86.0,2.263157894736842,4.026857122824355,14,705.0,0.1795690333023184,14,705.0
240.0,20,174.0,4.578947368421052,2.416899283638911,20,794.0,0.08563883673860367,20,794.0
245.0,29,300.0,7.317073170731708,1.7645054883364835,29,920.0,0.0691584896004548,29,920.0
250.0,28,312.0,7.8,1.0037060139337028,28,867.0,0.05001056376270747,28,867.0
255.0,23,241.0,6.025,3.125364444617012,23,718.0,0.09296339695239447,23,718.0
260.0,15,174.0,4.35,5.340350327321231,15,546.0,0.1485243813723332,15,546.0
265.0,7,76.0,2.111111111111111,5.0383483548772645,7,580.0,0.22271123453888836,7,580.0
270.0,8,31.0,0.9393939393939394,4.812913849413726,8,611.0,0.243404049336769,8,611.0
275.0,14,90.0,2.5714285714285716,3.525003177098739,14,670.0,0.20502646971584543,14,670.0
280.0,21,176.0,4.756756756756757,2.1963387763152484,21,757.0,0.10386224151676997,21,757.0
285.0,21,177.0,4.425,1.8268302684776927,21,729.0,0.06247024713793777,21,729.0
290.0,18,126.0,3.15,3.087705955246043,18,657.0,0.10857988747005305,18,657.0
295.0,16,106.0,2.65,5.171208091666231,16,504.0,0.14623322691667515,16,504.0
300.0,7,62.0,1.6756756756756757,6.9115302919658435,7,393.0,0.3028249019517719,7,393.0
305.0,0,0.0,0.0,7.49527025169375,0,347.0,0.4268687272297083,0,347.0
310.0,7,23.0,0.6571428571428571,6.650178084948983,7,370.0,0.3544806022649817,7,370.0
315.0,13,78.0,2.2285714285714286,4.532730000991366,13,425.0,0.2308415421976195,13,425.0
320.0,14,82.0,2.2162162162162162,2.662228296364585,14,415.0,0.1563684874715233,14,415.0
325.0,15,65.0,1.5853658536585367,3.2726750327013256,15,328.0,0.1146963292787149,15,328.0
330.0,12,64.0,1.4883720930232558,5.058170521293479,12,258.0,0.19558164546186574,12,258.0
335.0,7,20.0,0.5,5.174773199781695,7,263.0,0.22255867756563552,7,263.0
340.0,7,25.0,0.6944444444444444,5.341372970316396,7,284.0,0.21669328880712588,7,284.0
345.0,12,75.0,2.142857142857143,3.835550008562878,12,335.0,0.16689884338115077,12,335.0
350.0,13,75.0,2.027027027027027,2.8648436034976834,13,343.0,0.17167118994644912,13,343.0
355.0,11,42.0,1.05,4.02145797364478,11,283.0,0.18444884590703528,11,283.0
360.0,10,35.0,0.813953488372093,5.360417510064248,10,210.0,0.18316239882682894,10,210.0
365.0,7,18.0,0.43902439024390244,5.559581778067947,7,240.0,0.26831548000185823,7,240.0
370.0,7,32.0,0.8648648648648649,5.876057277773121,7,271.0,0.2607017503105935,7,271.0
375.0,12,85.0,2.0238095238095237,5.324421716609098,12,324.0,0.2783951961010194,12,324.0
380.0,21,174.0,4.142857142857143,3.389238760747449,21,413.0,0.1837971635211976,21,413.0
385.0,26,293.0,6.511111111111111,2.8961896509491183,26,533.0,0.10899711668021014,26,533.0
390.0,34,447.0,9.933333333333334,2.120353484697974,34,689.0,0.050407082193576,34,689.0
395.0,33,454.0,10.088888888888889,1.8649101340057337,33,776.0,0.06058881392807704,33,776.0
400.0,24,351.0,8.357142857142858,2.940932821915404,24,744.0,0.11535249261664433,24,744.0
405.0,17,267.0,6.209302325581396,5.105201384195595,17,621.0,0.16186175404671774,17,621.0
410.0,9,123.0,2.9285714285714284,5.867649728748302,9,651.0,0.30274579923856837,9,651.0
415.0,6,27.0,0.6923076923076923,6.255994586467738,6,675.0,0.2880540953826604,6,675.0
420.0,13,80.0,2.051282051282051,4.577614461401142,13,729.0,0.18389978989471692,13,729.0
425.0,15,83.0,2.128205128205128,2.7970377781453277,15,713.0,0.0931841751193266,15,713.0
430.0,12,55.0,1.4473684210526316,3.3690543319662627,12,614.0,0.10378822726295751,12,614.0
435.0,10,48.0,1.2307692307692308,5.149416662591752,10,451.0,0.14306275190489237,10,451.0
440.0,7,19.0,0.5135135135135135,5.271547318559354,7,476.0,0.2361582103618189,7,476.0
445.0,7,27.0,0.7941176470588235,4.999868999057935,7,507.0,0.2776213236038931,7,507.0
450.0,12,78.0,2.108108108108108,3.7653174680593464,12,558.0,0.2367460860641594,12,558.0
455.0,19,161.0,4.128205128205129,3.0343792034458144,19,643.0,0.18600210245874743,19,643.0
460.0,25,277.0,6.441860465116279,2.334298511074106,25,759.0,0.0948872040503868,25,759.0
465.0,35,428.0,9.727272727272727,1.695320123828676,35,913.0,0.04877687215662527,35,913.0
470.0,38,609.0,14.5,1.1733635537839047,38,1098.0,8.71977804502508e-05,38,1098.0
475.0,32,593.0,14.463414634146341,1.4164314321259495,32,1142.0,0.04430236643800318,32,1142.0
480.0,23,461.0,11.525,3.267847693263569,23,965.0,0.08906367434314742,23,965.0
485.0,13,277.0,6.925,5.950243839685735,13,761.0,0.21474799963719154,13,761.0
490.0,5,96.0,2.5945945945945947,7.738726412787975,5,585.0,0.36527580396149745,5,585.0
495.0,1,2.0,0.0625,7.647533338738397,1,558.0,0.374825529266444,1,558.0
500.0,7,27.0,0.84375,6.0091978859422905,7,583.0,0.32455104059872664,7,583.0
505.0,14,82.0,2.5625,3.352956237023326,14,638.0,0.2023765161645205,14,638.0
510.0,15,85.0,2.2972972972972974,2.8478252422613988,15,625.0,0.1761218666443136,15,625.0
515.0,11,54.0,1.2857142857142858,3.9599635144453535,11,514.0,0.1708197177196466,11,514.0
520.0,8,36.0,0.8181818181818182,6.028773354298395,8,344.0,0.24062980390466532,8,344.0
525.0,6,15.0,0.35714285714285715,5.547637730439231,6,364.0,0.25584959119587986,6,364.0
530.0,8,27.0,0.7105263157894737,5.742296208752083,8,392.0,0.262472689155569,8,392.0
535.0,13,80.0,2.051282051282051,4.989238548424426,13,446.0,0.21807001332849868,13,446.0
540.0,13,80.0,2.0,3.4026328928143217,13,425.0,0.1595309594969312,13,425.0
545.0,12,53.0,1.2619047619047619,4.068381099696276,12,312.0,0.2171710963464176,12,312.0
550.0,11,42.0,0.9130434782608695,5.9244754956553285,11,203.0,0.2741674581018171,11,203.0
555.0,7,20.0,0.46511627906976744,5.397147086540073,7,227.0,0.2521534093302332,7,227.0
560.0,8,27.0,0.6923076923076923,5.421169199176841,8,251.0,0.2650717678685107,8,251.0
565.0,13,80.0,1.8604651162790697,4.8149731948438355,13,304.0,0.24591424550242189,13,304.0
570.0,14,85.0,1.9318181818181819,3.6070497067648564,14,325.0,0.2057421572959904,14,325.0
575.0,12,57.0,1.3571428571428572,3.410794313567748,12,292.0,0.15631873890541367,12,292.0
580.0,15,64.0,1.4545454545454546,4.851410670087286,15,235.0,0.1508816412769269,15,235.0
585.0,12,78.0,1.9024390243902438,6.276616500278951,12,223.0,0.26060191147640405,12,223.0
590.0,1,1.0,0.02702702702702703,6.7805083699112,1,207.0,0.3741745330794206,1,207.0
595.0,7,24.0,0.6666666666666666,6.650661444770603,7,191.0,0.3720673260354121,7,191.0
600.0,12,75.0,1.875,5.628264712757832,12,242.0,0.2879719239258952,12,242.0
605.0,19,157.0,3.738095238095238,3.867549943137371,19,324.0,0.17960199171380398,19,324.0
610.0,25,270.0,6.27906976744186,2.4844867600491374,25,437.0,0.09577005060413639,25,437.0
615.0,26,273.0,6.066666666666666,2.248963797363863,26,501.0,0.07172090109998044,26,501.0
620.0,23,208.0,4.622222222222222,3.832769286347923,23,494.0,0.1323863059398089,23,494.0
625.0,16,154.0,3.6666666666666665,5.00221361657754,16,422.0,0.1647548238603626,16,422.0
630.0,5,51.0,1.275,5.330326077114198,5,453.0,0.2273042176334948,5,453.0
635.0,8,24.0,0.6486486486486487,5.783918586654664,8,474.0,0.27451518544119036,8,474.0
640.0,14,82.0,2.1578947368421053,4.143144046469061,14,532.0,0.19880880116857513,14,532.0
645.0,21,175.0,4.72972972972973,1.9728807328009799,21,625.0,0.1268093512383519,21,625.0
650.0,26,295.0,7.375,1.4251389017447538,26,745.0,0.0475155349206091,26,745.0
655.0,33,445.0,10.348837209302326,1.3861618788237546,33,895.0,0.04944217821234956,33,895.0
660.0,32,457.0,10.880952380952381,1.4395614316157774,32,962.0,0.053461065414780067,32,962.0
665.0,23,340.0,8.095238095238095,3.125763629256998,23,848.0,0.11605328215791028,23,848.0
670.0,16,250.0,5.813953488372093,5.418403720250028,16,728.0,0.22279037131153295,16,728.0
675.0,9,122.0,2.8372093023255816,5.86391859601299,9,768.0,0.31806756798199465,9,768.0
680.0,9,37.0,0.9736842105263158,5.666681542776718,9,804.0,0.27222154599450493,9,804.0
685.0,15,96.0,2.4,4.400162178664983,15,863.0,0.1889854238177718,15,863.0
690.0,21,190.0,4.4186046511627906,3.2774537188599653,21,957.0,0.1505480630973848,21,957.0
695.0,21,193.0,4.488372093023256,1.8704604636313524,21,952.0,0.06753374661889207,21,952.0
700.0,24,150.0,3.5714285714285716,2.7521935928335064,24,839.0,0.08797032951700229,24,839.0
705.0,18,136.0,3.090909090909091,5.273321581207575,18,627.0,0.1839304248910535,18,627.0
710.0,6,37.0,0.9024390243902439,5.495453057986926,6,658.0,0.26638893662929664,6,658.0
715.0,9,33.0,0.9166666666666666,5.423316182161255,9,674.0,0.21506208087718331,9,674.0
720.0,14,92.0,2.4210526315789473,4.0302792154650025,14,733.0,0.13820616603973596,14,733.0
725.0,13,92.0,2.4864864864864864,2.73744944346706,13,682.0,0.14323025260644473,13,682.0
730.0,11,49.0,1.2564102564102564,3.716872235856094,11,554.0,0.15776790080461617,11,554.0
735.0,9,42.0,1.0,5.885867868289988,9,336.0,0.22685994824298503,9,336.0
740.0,7,23.0,0.5609756097560976,6.079287330722811,7,371.0,0.2973625999827447,7,371.0
745.0,8,33.0,0.8918918918918919,5.289984326199064,8,404.0,0.2693348657774122,8,404.0
750.0,15,94.0,2.5405405405405403,3.5815314924711688,15,465.0,0.15665814598521738,15,465.0
755.0,21,190.0,4.871794871794871,2.370517564723052,21,561.0,0.10197259538120375,21,561.0
760.0,22,200.0,4.761904761904762,2.1690521914471144,22,558.0,0.09785907298852543,22,558.0
765.0,20,152.0,3.619047619047619,3.395992267189642,20,480.0,0.1203081043629075,20,480.0
770.0,15,121.0,2.75,5.85002744695303,15,405.0,0.2376642980405044,15,405.0
775.0,9,82.0,1.9069767441860466,7.008240412211118,9,313.0,0.33380221869502547,9,313.0
780.0,1,1.0,0.023809523809523808,8.016158881084502,1,295.0,0.48404402819123066,1,295.0
785.0,7,26.0,0.6341463414634146,7.170909139947837,7,310.0,0.4154620140825853,7,310.0
790.0,12,77.0,1.7906976744186047,5.479016258626953,12,361.0,0.22752299370786064,12,361.0
795.0,14,78.0,1.7727272727272727,4.282433249431285,14,369.0,0.17607494050164216,14,369.0
800.0,12,44.0,1.0476190476190477,4.066961406150321,12,310.0,0.1416019088760736,12,310.0
805.0,12,45.0,1.0714285714285714,4.807508221565625,12,225.0,0.1497958861933702,12,225.0
810.0,6,19.0,0.48717948717948717,5.347283760995176,6,232.0,0.22587292449249452,6,232.0
815.0,7,24.0,0.6666666666666666,5.545421199146919,7,246.0,0.26740302297648544,7,246.0
820.0,13,72.0,2.0,4.0529234294088905,13,296.0,0.22967145437980008,13,296.0
825.0,12,67.0,1.8108108108108107,2.2978567903105054,12,296.0,0.14293540893008888,12,296.0
830.0,10,37.0,0.925,3.7149221393162124,10,233.0,0.16198128193450734,10,233.0
835.0,11,43.0,0.9772727272727273,5.6244334000158345,11,186.0,0.23734100585932466,11,186.0
840.0,9,49.0,1.225,6.614111123256748,9,158.0,0.2982557967176231,9,158.0
845.0,1,1.0,0.027777777777777776,6.854793714726456,1,145.0,0.36146911959296885,1,145.0
850.0,8,27.0,0.7714285714285715,6.637804582349414,8,161.0,0.31011942029803385,8,161.0
855.0,15,83.0,2.2432432432432434,4.676947819583413,15,217.0,0.25038913686904346,15,217.0
860.0,15,88.0,2.2564102564102564,3.265228777912703,15,248.0,0.1773500144024758,15,248.0
865.0,12,55.0,1.4102564102564104,3.161557839869931,12,224.0,0.12582745300116246,12,224.0
870.0,13,51.0,1.2142857142857142,5.093356868387183,13,185.0,0.17934284931836916,13,185.0
875.0,9,27.0,0.6923076923076923,4.946399940165229,9,217.0,0.2047667510265038,9,217.0
880.0,7,30.0,0.8823529411764706,5.082100016933769,7,243.0,0.25104742711683425,7,243.0
885.0,16,87.0,2.4857142857142858,3.310705074136612,16,300.0,0.1762133694660661,16,300.0
890.0,21,178.0,4.684210526315789,2.3371257980835876,21,395.0,0.11341422108932162,21,395.0
895.0,22,184.0,4.717948717948718,1.5413475697180006,22,443.0,0.07256988435982804,22,443.0
900.0,19,137.0,3.425,2.7686847711262255,19,422.0,0.08519947889106468,19,422.0
905.0,15,108.0,2.6341463414634148,5.3799320433475595,15,362.0,0.17072262976981098,15,362.0
910.0,5,37.0,0.925,5.879047931811671,5,394.0,0.3021217271976898,5,394.0
915.0,6,26.0,0.6842105263157895,5.967692538619429,6,422.0,0.34316747736831726,6,422.0
920.0,12,74.0,1.85,4.701920613812861,12,470.0,0.24549788061054828,12,470.0
925.0,13,68.0,1.511111111111111,3.6443947108351527,13,472.0,0.19580277801847856,13,472.0
930.0,16,64.0,1.4222222222222223,3.8476101281970645,16,418.0,0.1891939404112264,16,418.0
935.0,14,75.0,1.6304347826086956,4.7661603472073875,14,332.0,0.17358526312981837,14,332.0
940.0,10,35.0,0.7954545454545454,4.995738794954935,10,374.0,0.2164655505074755,10,374.0
945.0,8,33.0,0.825,5.887497642431991,8,382.0,0.29115155774588763,8,382.0
950.0,13,88.0,2.0952380952380953,4.789222293950597,13,433.0,0.18522493753848582,13,433.0
955.0,14,86.0,2.097560975609756,3.095976702255132,14,433.0,0.1213094004359589,14,433.0
960.0,13,56.0,1.435897435897436,3.167287613421784,13,340.0,0.07042220878060171,13,340.0
965.0,11,51.0,1.275,4.802928866663,11,288.0,0.14187123134416696,11,288.0
970.0,6,22.0,0.5945945945945946,4.974675533134228,6,282.0,0.2217284959948284,6,282.0
975.0,7,24.0,0.7058823529411765,4.7162480221335485,7,308.0,0.21625866973973165,7,308.0
980.0,13,78.0,2.5161290322580645,2.8481150160618083,13,362.0,0.12625576284511095,13,362.0
985.0,13,76.0,2.1714285714285713,2.8725249142887646,13,354.0,0.17649341550345946,13,354.0
990.0,11,44.0,1.1578947368421053,3.8431946791386173,11,303.0,0.16165609116054222,11,303.0
995.0,8,32.0,0.7619047619047619,6.137339373632629,8,210.0,0.2592457578710709,8,210.0
1000.0,7,18.0,0.45,7.445416928848124,7,165.0,0.35604286853897593,7,165.0
1005.0,1,1.0,0.027777777777777776,7.462066285444424,1,154.0,0.46113910996814444,1,154.0
1010.0,7,22.0,0.5789473684210527,6.759927239160084,7,176.0,0.39269793631443284,7,176.0
1015.0,14,75.0,2.027027027027027,4.6348435002402875,14,229.0,0.2457140137935807,14,229.0
1020.0,20,160.0,4.2105263157894735,3.446137989403564,20,314.0,0.1726605102137165,20,314.0
1025.0,20,164.0,3.9047619047619047,2.4687274748351946,20,356.0,0.09192684933409066,20,356.0
1030.0,16,105.0,2.3863636363636362,3.966803393200338,16,329.0,0.14498132000575958,16,329.0
1035.0,13,74.0,1.7209302325581395,5.682166754496788,13,270.0,0.22105093018044977,13,270.0
1040.0,8,55.0,1.375,6.760328776127286,8,250.0,0.36355533014602476,8,250.0
1045.0,1,2.0,0.05405405405405406,6.775820594897397,1,237.0,0.3928627603778319,1,237.0
1050.0,7,25.0,0.6944444444444444,5.841970487011975,7,260.0,0.3005965705337218,7,260.0
1055.0,12,76.0,2.111111111111111,4.203929267182068,12,311.0,0.17662476366546356,12,311.0
1060.0,19,158.0,4.27027027027027,2.8002068909006046,19,393.0,0.12491390059497504,19,393.0
1065.0,25,272.0,7.351351351351352,1.565228636687808,25,508.0,0.06673018268522778,25,508.0
1070.0,32,414.0,10.615384615384615,0.742275572881624,32,653.0,0.00472271456305775,32,653.0
1075.0,32,416.0,10.4,1.164032055458159,32,727.0,0.04564311442017935,32,727.0
1080.0,23,330.0,8.048780487804878,3.446067039217065,23,700.0,0.12895026018541927,23,700.0
1085.0,14,219.0,5.341463414634147,5.482100112513006,14,609.0,0.2344839165672834,14,609.0
1090.0,7,108.0,2.8421052631578947,5.412710675471061,7,625.0,0.21826487383934395,7,625.0
1095.0,7,24.0,0.6857142857142857,5.198262858603391,7,654.0,0.22593898127185172,7,654.0
1100.0,14,79.0,2.46875,2.920768040489164,14,709.0,0.1673512190030624,14,709.0
1105.0,13,81.0,2.3142857142857145,1.8144586693405658,13,691.0,0.0876107632338879,13,691.0
1110.0,11,48.0,1.2307692307692308,3.5194947404097743,11,577.0,0.1461165173037462,11,577.0
1115.0,11,41.0,1.0,5.327041421508573,11,415.0,0.18890082425056984,11,415.0
1120.0,7,33.0,0.825,7.325209149919833,7,341.0,0.3644730490649324,7,341.0
1125.0,1,2.0,0.05714285714285714,7.675470958246365,1,273.0,0.4294395458916804,1,273.0
1130.0,5,19.0,0.5588235294117647,6.605808066343529,5,291.0,0.3453380152957287,5,291.0
1135.0,11,63.0,1.8,4.505551395784802,11,336.0,0.1959593270935844,11,336.0
1140.0,18,139.0,3.861111111111111,2.6336745861862267,18,412.0,0.1332426260261949,18,412.0
1145.0,24,249.0,6.552631578947368,1.1251999350088522,24,522.0,0.059853069222449665,24,522.0
1150.0,26,251.0,6.275,1.3118044084110951,26,549.0,0.04685338748448522,26,549.0
1155.0,21,184.0,4.380952380952381,3.5075338336410584,21,477.0,0.1468733038424139,21,477.0
1160.0,15,147.0,3.5,5.483732052384097,15,390.0,0.20040945660423984,15,390.0
1165.0,7,75.0,1.9230769230769231,6.745959927547162,7,353.0,0.3146611117667422,7,353.0
1170.0,1,2.0,0.058823529411764705,6.8975125764630185,1,302.0,0.36719966414269123,1,302.0
1175.0,6,19.0,0.5588235294117647,6.41051789476759,6,315.0,0.3037158290514504,6,315.0
1180.0,11,66.0,1.8333333333333333,4.657487822153742,11,362.0,0.24594320786600868,11,362.0
1185.0,18,141.0,3.9166666666666665,2.4396415509468596,18,437.0,0.13251180422346343,18,437.0
1190.0,23,245.0,6.125,1.5294349641435703,23,541.0,0.07202954712855125,23,541.0
1195.0,31,386.0,9.414634146341463,1.3085592800927066,31,683.0,0.05252249361140336,31,683.0
1200.0,38,560.0,13.023255813953488,1.5013126052891066,38,858.0,0.06999876737047525,38,858.0
1205.0,33,553.0,12.86046511627907,1.319144772096263,33,928.0,0.06529749242148977,33,928.0
1210.0,24,411.0,9.785714285714286,3.074766231252454,24,880.0,0.1255331136461872,24,880.0
1215.0,17,305.0,7.261904761904762,5.0520332700931805,17,715.0,0.1660569412654147,17,715.0
1220.0,8,127.0,3.097560975609756,7.012071706328283,8,538.0,0.31098173350283975,8,538.0
1225.0,1,1.0,0.027777777777777776,7.396012044970645,1,519.0,0.3924841959119834,1,519.0
1230.0,6,22.0,0.6470588235294118,6.102722302090442,6,526.0,0.24889883370207985,6,526.0
1235.0,12,70.0,1.8421052631578947,4.384912259542118,12,574.0,0.21798306817878174,12,574.0
1240.0,11,65.0,1.7105263157894737,3.657383789000657,11,539.0,0.22191053698605262,11,539.0
1245.0,9,28.0,0.6829268292682927,4.222246066988574,9,443.0,0.21236354560647794,9,443.0
1250.0,10,31.0,0.7209302325581395,5.106983056932635,10,291.0,0.14405752002432257,10,291.0
1255.0,6,16.0,0.38095238095238093,5.457567707591006,6,323.0,0.2701362268525114,6,323.0
1260.0,9,34.0,0.8717948717948718,5.746111931664293,9,349.0,0.30097590411542635,9,349.0
1265.0,14,91.0,2.1666666666666665,5.174815574599457,14,406.0,0.28484319642092043,14,406.0
1270.0,21,182.0,4.044444444444444,3.976195377653415,21,497.0,0.17239768809271674,21,497.0
1275.0,22,185.0,4.204545454545454,2.3313199994690414,22,508.0,0.08250846064668067,22,508.0
1280.0,21,142.0,3.1555555555555554,3.442381938816957,21,386.0,0.07620201060780167,21,386.0
1285.0,17,123.0,2.7954545454545454,5.456032727358989,17,351.0,0.1822178645742459,17,351.0
1290.0,8,83.0,2.075,6.659851700391212,8,316.0,0.291288488401736,8,316.0
1295.0,2,2.0,0.05714285714285714,6.637307978544557,2,283.0,0.3829850538203929,2,283.0
1300.0,6,23.0,0.6216216216216216,6.309276235345315,6,279.0,0.28221426287838414,6,279.0
1305.0,14,76.0,2.111111111111111,4.290163232964714,14,332.0,0.13260253385484264,14,332.0
1310.0,12,75.0,2.027027027027027,2.9692505529964337,12,343.0,0.12861618792180393,12,343.0
1315.0,12,51.0,1.3421052631578947,3.7304758355738072,12,292.0,0.15514295742696435,12,292.0
1320.0,9,34.0,0.8292682926829268,5.7422160703700555,9,208.0,0.21261717203283817,9,208.0
1325.0,5,12.0,0.32432432432432434,6.724957120203944,5,164.0,0.28612562187069973,5,164.0
1330.0,3,5.0,0.14285714285714285,7.141043539432269,3,154.0,0.39291418976083925,3,154.0
1335.0,8,31.0,0.9117647058823529,5.881913432288957,8,180.0,0.30935243008401125,8,180.0
1340.0,13,88.0,2.5142857142857142,4.069043588327686,13,237.0,0.21091222973501747,13,237.0
1345.0,14,84.0,2.3333333333333335,2.2523077391656705,14,246.0,0.12461723132208329,14,246.0
1350.0,10,42.0,1.05,3.625463730721523,10,213.0,0.13687917310064307,10,213.0
1355.0,10,41.0,1.025,5.407862864457096,10,161.0,0.16125239705856403,10,161.0
1360.0,6,37.0,1.0,6.721541306311976,6,152.0,0.27369774283825915,6,152.0
1365.0,0,0.0,0.0,7.312930964347601,0,108.0,0.39271363248405355,0,108.0
1370.0,6,21.0,0.6363636363636364,6.343811596253304,6,129.0,0.35013944728986945,6,129.0
1375.0,13,72.0,2.0,4.666492644691087,13,180.0,0.24469402106984225,13,180.0
1380.0,14,74.0,1.9473684210526316,3.128976963223478,14,205.0,0.19294730674051294,14,205.0
1385.0,10,43.0,1.0238095238095237,3.5807879835405276,10,193.0,0.14831322225964305,10,193.0
1390.0,12,40.0,0.9090909090909091,5.118679559231054,12,160.0,0.19790458894278537,12,160.0
1395.0,9,53.0,1.2619047619047619,6.466687754497508,9,152.0,0.29419512698962835,9,152.0
1400.0,5,62.0,1.5897435897435896,8.138045312983632,5,132.0,0.48538289021169406,5,132.0
1405.0,1,1.0,0.02631578947368421,7.675241763842647,1,100.0,0.47687645095915265,1,100.0
1410.0,6,15.0,0.36585365853658536,7.562022695635594,6,75.0,0.43676816941239965,6,75.0
1415.0,10,58.0,1.4146341463414633,5.750645821078254,10,118.0,0.26067843811465524,10,118.0
1420.0,17,132.0,3.3,3.3915030790826832,17,192.0,0.12058299334120312,17,192.0
1425.0,20,138.0,3.45,1.7573716653481384,20,251.0,0.05006561788665095,20,251.0
1430.0,17,100.0,2.4390243902439024,3.6500276302922248,17,259.0,0.1298130624132573,17,259.0
1435.0,15,87.0,2.1219512195121952,5.369508170855503,15,230.0,0.17326445921571795,15,230.0
1440.0,5,27.0,0.675,5.765760740176478,5,261.0,0.29381573383966547,5,261.0
1445.0,7,23.0,0.6216216216216216,5.441752326697311,7,287.0,0.29246806942673564,7,287.0
1450.0,12,76.0,2.111111111111111,3.8212334270397372,12,340.0,0.21351757226574944,12,340.0
1455.0,13,73.0,1.8717948717948718,2.725145209572273,13,351.0,0.1455635338471204,13,351.0
1460.0,11,41.0,0.9761904761904762,3.8169091787813945,11,317.0,0.14348889638548706,11,317.0
1465.0,11,43.0,1.0238095238095237,5.082949681880017,11,248.0,0.16995714736342815,11,248.0
1470.0,7,14.0,0.358974358974359,4.996124979628787,7,262.0,0.19786467302557717,7,262.0
1475.0,8,29.0,0.8529411764705882,4.547954072011512,8,285.0,0.18151048419604102,8,285.0
1480.0,13,84.0,2.4705882352941178,2.8188794805480875,13,340.0,0.11657859141903064,13,340.0
1485.0,15,87.0,2.4857142857142858,2.273605440092023,15,356.0,0.12095966369995628,15,356.0
1490.0,11,50.0,1.3157894736842106,3.885646070405987,11,302.0,0.16454945083361985,11,302.0
1495.0,9,33.0,0.8048780487804879,5.7809771605264375,9,203.0,0.23833917350688238,9,203.0
1500.0,6,30.0,0.8108108108108109,7.020976507806663,6,161.0,0.3409149952284248,6,161.0
1505.0,1,1.0,0.029411764705882353,7.218512039965598,1,156.0,0.3918054849117461,1,156.0
1510.0,7,22.0,0.6875,5.938426757909772,7,177.0,0.2899816866655111,7,177.0
1515.0,12,71.0,2.088235294117647,4.052808114784163,12,226.0,0.2042257933366805,12,226.0
1520.0,20,152.0,3.8974358974358974,2.905868856659674,20,307.0,0.1896064384118177,20,307.0
1525.0,19,155.0,3.604651162790698,2.5581024951825073,19,350.0,0.15464966713170725,19,350.0
1530.0,19,115.0,2.5555555555555554,3.1276183152047965,19,340.0,0.13136729866886773,19,340.0
1535.0,20,119.0,2.5869565217391304,4.843031477993466,20,315.0,0.15697396931605767,20,315.0
1540.0,13,113.0,2.627906976744186,6.426362222728281,13,302.0,0.25742257192202556,13,302.0
1545.0,4,12.0,0.3076923076923077,6.843415153584652,4,286.0,0.36961836454754454,4,286.0
1550.0,8,28.0,0.7368421052631579,6.742034802383913,8,266.0,0.33337002235092733,8,266.0
1555.0,13,83.0,2.1842105263157894,4.694989802656866,13,313.0,0.1670303115939487,13,313.0
1560.0,14,77.0,2.081081081081081,3.530333884256813,14,317.0,0.13100146789500103,14,317.0
1565.0,11,46.0,1.1794871794871795,4.044328774689236,11,278.0,0.1717014017176578,11,278.0
1570.0,8,27.0,0.6923076923076923,6.069863607463682,8,217.0,0.2440266229793384,8,217.0
1575.0,8,23.0,0.6052631578947368,5.954905647914589,8,237.0,0.26425517792352105,8,237.0
1580.0,7,29.0,0.8055555555555556,5.486142014646513,7,268.0,0.28016012509619453,7,268.0
1585.0,14,83.0,2.4411764705882355,3.0289653264804732,14,322.0,0.19768423365240426,14,322.0
1590.0,15,85.0,2.2972972972972974,2.078946169214612,15,333.0,0.11526937218631345,15,333.0
1595.0,13,57.0,1.4615384615384615,3.2721643219197305,13,281.0,0.08566470012228798,13,281.0
1600.0,11,53.0,1.325,5.193891819608801,11,221.0,0.1457238715294015,11,221.0
1605.0,7,43.0,1.162162162162162,7.107843021497131,7,209.0,0.3219241358552251,7,209.0
1610.0,1,1.0,0.03125,7.464263221974996,1,164.0,0.40274677569717,1,164.0
1615.0,7,24.0,0.75,5.645684842572088,7,187.0,0.28053799042018396,7,187.0
1620.0,14,79.0,2.257142857142857,3.970749794038114,14,242.0,0.211842257489673,14,242.0
1625.0,14,80.0,2.1052631578947367,2.996102674138497,14,262.0,0.174567770865619,14,262.0
1630.0,10,43.0,1.075,3.6638101891831325,10,226.0,0.1676100984940455,10,226.0
1635.0,10,37.0,0.8604651162790697,5.690364387888827,10,174.0,0.21701830511901585,10,174.0
1640.0,10,45.0,1.0714285714285714,7.038425004116867,10,145.0,0.32553357296153185,10,145.0
1645.0,3,6.0,0.16666666666666666,7.068108658979863,3,146.0,0.3873392205795381,3,146.0
1650.0,8,32.0,0.8648648648648649,6.757055423887262,8,161.0,0.3370254107843255,8,161.0
1655.0,14,88.0,2.3157894736842106,5.421294905338247,14,217.0,0.24189026449720832,14,217.0
1660.0,21,180.0,4.615384615384615,3.5802962644238905,21,309.0,0.14500976979859917,21,309.0
1665.0,21,179.0,4.261904761904762,2.4982252963432274,21,352.0,0.1009347030478684,21,352.0
1670.0,19,129.0,2.9318181818181817,3.8403176850553566,19,353.0,0.17484285413657408,19,353.0
1675.0,15,109.0,2.5348837209302326,5.525881809448302,15,309.0,0.21409430557806353,15,309.0
1680.0,7,55.0,1.3414634146341464,6.784455434553138,7,265.0,0.3004709364587342,7,265.0
1685.0,1,2.0,0.05405405405405406,6.926143260489367,1,242.0,0.35423348437327046,1,242.0
1690.0,6,21.0,0.5675675675675675,6.452808473114889,6,252.0,0.3081674550565732,6,252.0
1695.0,12,67.0,1.8108108108108107,4.647714957311532,12,298.0,0.23393474198540457,12,298.0
1700.0,13,67.0,1.763157894736842,3.222142937967701,13,307.0,0.19340047109954855,13,307.0
1705.0,8,37.0,0.925,3.402175019126927,8,266.0,0.14011433400029022,8,266.0
1710.0,11,31.0,0.7380952380952381,5.28246597912836,11,194.0,0.15044603874646273,11,194.0
1715.0,9,41.0,1.0512820512820513,7.048483454626491,9,155.0,0.29663180240148496,9,155.0
1720.0,1,2.0,0.058823529411764705,7.308920563095772,1,129.0,0.38277625589202235,1,129.0
1725.0,7,21.0,0.6176470588235294,6.185699366440811,7,137.0,0.2917891541627838,7,137.0
1730.0,13,71.0,2.0285714285714285,4.476547006756342,13,187.0,0.24278747411473303,13,187.0
1735.0,19,153.0,3.825,3.6922749314918675,19,269.0,0.1956362044237746,19,269.0
1740.0,20,158.0,3.761904761904762,2.347208496468032,20,304.0,0.13812476889275999,20,304.0
1745.0,21,118.0,2.744186046511628,2.9746413538085545,21,312.0,0.09638973205106129,21,312.0
1750.0,19,119.0,2.7045454545454546,4.979384246058877,19,299.0,0.15089486766160282,19,299.0
1755.0,9,85.0,2.0238095238095237,6.650253261833567,9,266.0,0.26985234827391985,9,266.0
1760.0,2,2.0,0.05128205128205128,7.3102080746778215,2,255.0,0.4175312372753686,2,255.0
1765.0,7,26.0,0.6842105263157895,6.725135664327562,7,242.0,0.3386082943805371,7,242.0
1770.0,13,78.0,2.0526315789473686,4.912258934066834,13,294.0,0.1822365013770002,13,294.0
1775.0,12,73.0,1.9210526315789473,3.5537644382403304,12,304.0,0.114285322834737,12,304.0
1780.0,9,36.0,0.9,4.407586843907692,9,262.0,0.16994938362888914,9,262.0
1785.0,10,29.0,0.7073170731707317,5.966265640823384,10,186.0,0.23375871066386433,10,186.0
1790.0,5,13.0,0.34210526315789475,7.693665101933023,5,132.0,0.37817401633724157,5,132.0
1795.0,1,1.0,0.02857142857142857,7.962644805767509,1,122.0,0.43292823920541024,1,122.0
1800.0,7,22.0,0.6470588235294118,6.250808474673765,7,143.0,0.3339392876875981,7,143.0
1805.0,12,73.0,2.085714285714286,4.154063233464953,12,194.0,0.23399709888622588,12,194.0
1810.0,12,71.0,1.868421052631579,3.2017871657692307,12,206.0,0.16212337769230514,12,206.0
1815.0,9,35.0,0.8333333333333334,4.126664484490767,9,188.0,0.17196208713423322,9,188.0
1820.0,11,37.0,0.8604651162790697,5.228771423268878,11,150.0,0.18745897966465033,11,150.0
1825.0,5,19.0,0.4634146341463415,5.49034624782618,5,181.0,0.2363896446911706,5,181.0
1830.0,7,25.0,0.6578947368421053,6.088871143045603,7,206.0,0.2742074383771181,7,206.0
1835.0,13,77.0,2.138888888888889,4.05898943476611,13,258.0,0.20567681880779018,13,258.0
1840.0,14,82.0,2.1578947368421053,1.6748409719496393,14,283.0,0.07988095191022052,14,283.0
1845.0,14,69.0,1.6829268292682926,3.391533591611688,14,267.0,0.14249626231517915,14,267.0
1850.0,12,67.0,1.5227272727272727,5.442430353200529,12,238.0,0.20177359186514798,12,238.0
1855.0,8,29.0,0.725,5.294478805425132,8,265.0,0.24470155397713375,8,265.0
1860.0,8,30.0,0.8333333333333334,5.380209898988884,8,287.0,0.2469211296773841,8,287.0
1865.0,14,86.0,2.324324324324324,4.175003915932385,14,343.0,0.17690722695626301,14,343.0
1870.0,16,91.0,2.3333333333333335,2.92427853944657,16,369.0,0.12098565234124066,16,369.0
1875.0,12,60.0,1.4634146341463414,4.459867752463401,12,333.0,0.20819537570765384,12,333.0
1880.0,9,45.0,1.0227272727272727,6.039086945585441,9,244.0,0.2730451779410222,9,244.0
1885.0,6,27.0,0.627906976744186,7.2596309172496,6,203.0,0.38307761291845194,6,203.0
1890.0,0,0.0,0.0,7.087940607065919,0,189.0,0.41830829153257626,0,189.0
1895.0,6,20.0,0.5555555555555556,6.462878716091579,6,209.0,0.3345653766927924,6,209.0
1900.0,11,66.0,1.6923076923076923,5.233283545855132,11,255.0,0.20521052443333762,11,255.0
1905.0,13,67.0,1.675,3.596572278387536,13,270.0,0.14681900367287032,13,270.0
1910.0,10,39.0,0.9512195121951219,4.889475624371822,10,223.0,0.2490481536276347,10,223.0
1915.0,10,32.0,0.7441860465116279,5.789406953065552,10,157.0,0.24376627764053446,10,157.0
1920.0,7,21.0,0.5121951219512195,6.653414735780697,7,146.0,0.31035129261491534,7,146.0
1925.0,0,0.0,0.0,7.094291340941463,0,122.0,0.36515756224074075,0,122.0
1930.0,6,20.0,0.5714285714285714,6.788778962396099,6,135.0,0.3386136629700661,6,135.0
1935.0,12,69.0,1.864864864864865,4.998401054168599,12,184.0,0.22277424385454234,12,184.0
1940.0,12,69.0,1.8157894736842106,2.946309516171607,12,203.0,0.1650375607842515,12,203.0
1945.0,10,39.0,1.0,3.079094284397588,10,188.0,0.12070813605238914,10,188.0
1950.0,10,39.0,0.9285714285714286,5.697215233773069,10,149.0,0.23819071250858706,10,149.0
1955.0,6,38.0,0.9047619047619048,7.370467987140652,6,134.0,0.3698173973212038,6,134.0
1960.0,1,1.0,0.02702702702702703,7.4973682974166485,1,109.0,0.43605267494112254,1,109.0
1965.0,7,24.0,0.7058823529411765,6.497758861066168,7,127.0,0.3425168832884241,7,127.0
1970.0,14,77.0,2.026315789473684,4.671406021284216,14,180.0,0.19462298818545193,14,180.0
1975.0,14,79.0,2.135135135135135,3.01574379629451,14,208.0,0.1231589262302184,14,208.0
1980.0,10,46.0,1.1794871794871795,3.83817603200555,10,196.0,0.14823884592969008,10,196.0
1985.0,10,37.0,0.9487179487179487,5.618979689043895,10,159.0,0.17787962021585701,10,159.0
1990.0,6,25.0,0.6756756756756757,6.734590893565621,6,149.0,0.3156633232450769,6,149.0
1995.0,0,0.0,0.0,7.575356933964973,0,119.0,0.4365602273435671,0,119.0
2000.0,7,23.0,0.6764705882352942,6.780824592802532,7,142.0,0.3738336197243611,7,142.0
2005.0,12,71.0,1.9722222222222223,4.7586007047122765,12,190.0,0.22953903551341737,12,190.0
2010.0,12,64.0,1.7297297297297298,3.1548886753908953,12,207.0,0.16041255949683067,12,207.0
2015.0,9,34.0,0.85,3.4423676137357306,9,185.0,0.10309636029687724,9,185.0
2020.0,9,31.0,0.7560975609756098,4.899734536792735,9,153.0,0.15922338859901822,9,153.0
2025.0,6,16.0,0.41025641025641024,5.575051107837361,6,164.0,0.24933157967815964,6,164.0
2030.0,6,24.0,0.7272727272727273,4.727038184573574,6,193.0,0.2197325447479347,6,193.0
2035.0,12,72.0,2.057142857142857,3.4691158237617215,12,241.0,0.1612614874312524,12,241.0
2040.0,19,154.0,4.162162162162162,2.160012563770393,19,323.0,0.11786958883846096,19,323.0
2045.0,20,154.0,3.6666666666666665,2.498197100332258,20,366.0,0.1614649742804377,20,366.0
2050.0,19,115.0,2.5555555555555554,4.070210321505415,19,357.0,0.2073159241197351,19,357.0
2055.0,14,98.0,2.130434782608696,5.583570282517847,14,311.0,0.22553321081594266,14,311.0
2060.0,6,48.0,1.1428571428571428,4.926515826898521,6,349.0,0.20274607408580317,6,349.0
2065.0,7,24.0,0.631578947368421,5.553320303541046,7,373.0,0.28442707333596734,7,373.0
2070.0,14,78.0,1.9024390243902438,4.425145148261757,14,427.0,0.20416591008676854,14,427.0
2075.0,13,80.0,1.9047619047619047,3.624204562850732,13,439.0,0.1339660110338236,13,439.0
2080.0,11,47.0,1.146341463414634,3.825193057765048,11,385.0,0.13350322592345928,11,385.0
2085.0,10,44.0,1.0,5.668698331515899,10,291.0,0.23386001122808564,10,291.0
2090.0,8,42.0,0.9767441860465116,7.299464701010504,8,232.0,0.35470211467930535,8,232.0
2095.0,1,2.0,0.05263157894736842,7.432055448530708,1,205.0,0.41402266217403005,1,205.0
2100.0,6,25.0,0.6578947368421053,6.961931688440613,6,225.0,0.317019669749098,6,225.0
2105.0,12,74.0,2.0,5.205172929926832,12,274.0,0.20881278086010877,12,274.0
2110.0,14,72.0,1.894736842105263,3.210280031311135,14,283.0,0.14908281648858887,14,283.0
2115.0,11,42.0,1.0769230769230769,3.8206569844430773,11,225.0,0.14407047278563936,11,225.0
2120.0,10,42.0,1.024390243902439,5.45525385300941,10,166.0,0.1691812593487405,10,166.0
2125.0,7,36.0,0.9473684210526315,7.20209596751097,7,148.0,0.3293209434979193,7,148.0
2130.0,0,0.0,0.0,7.491633136668207,0,122.0,0.4216775810855792,0,122.0
2135.0,5,15.0,0.42857142857142855,6.6001004108937416,5,137.0,0.3797000463454521,5,137.0
2140.0,12,63.0,1.8,4.478107584062481,12,185.0,0.24519081955861385,12,185.0
2145.0,14,72.0,1.8461538461538463,3.061031871998175,14,211.0,0.18834638653388444,14,211.0
2150.0,13,49.0,1.1395348837209303,4.028354353087335,13,195.0,0.18586475080935613,13,195.0
2155.0,11,57.0,1.2391304347826086,5.3551386188341095,11,179.0,0.20360734149504128,11,179.0
2160.0,12,72.0,1.6363636363636365,6.560000590970135,12,163.0,0.2953498053688527,12,163.0
2165.0,3,9.0,0.23076923076923078,6.38122067555893,3,159.0,0.35893473187292985,3,159.0
2170.0,7,27.0,0.675,6.235521343573282,7,144.0,0.33173546683475685,7,144.0
2175.0,14,85.0,2.125,5.028026015255653,14,195.0,0.19152516920761659,14,195.0
2180.0,15,85.0,2.0238095238095237,3.7970044932401934,15,221.0,0.16207257488323193,15,221.0
2185.0,13,51.0,1.2439024390243902,3.6572398936616994,13,216.0,0.16560439856668394,13,216.0
2190.0,12,52.0,1.1818181818181819,5.200906892428431,12,179.0,0.20141233762603977,12,179.0
2195.0,8,27.0,0.627906976744186,5.203020157058453,8,204.0,0.2698218386773184,8,204.0
2200.0,7,28.0,0.7368421052631579,5.6425064697061345,7,230.0,0.30117129294599637,7,230.0
2205.0,14,81.0,2.1315789473684212,4.358736568321312,14,283.0,0.21067446112728913,14,283.0
2210.0,14,80.0,2.0,2.3565048055707654,14,303.0,0.11603124357775235,14,303.0
2215.0,12,57.0,1.3902439024390243,3.4398081075058395,12,259.0,0.14089494556250393,12,259.0
2220.0,11,58.0,1.3181818181818181,5.324096532057452,11,233.0,0.2006195140714514,11,233.0
2225.0,9,69.0,1.725,6.03412248952187,9,211.0,0.2593956055476251,9,211.0
2230.0,2,3.0,0.08333333333333333,6.692375596672751,2,185.0,0.3587612052082665,2,185.0
2235.0,7,24.0,0.6857142857142857,5.543905696692963,7,177.0,0.22372688020425854,7,177.0
2240.0,13,76.0,2.1714285714285713,3.8768654946575616,13,229.0,0.17608879303898922,13,229.0
2245.0,13,76.0,2.054054054054054,3.1509331308631054,13,248.0,0.12921373360437793,13,248.0
2250.0,10,47.0,1.175,3.862827340699005,10,212.0,0.1784097946042181,10,212.0
2255.0,10,39.0,0.9069767441860465,5.907171971876624,10,167.0,0.24612919907849282,10,167.0
2260.0,8,38.0,0.926829268292683,6.796265259522727,8,140.0,0.3153516190092734,8,140.0
2265.0,1,1.0,0.02702702702702703,7.233762206069687,1,132.0,0.39734736507132296,1,132.0
2270.0,7,23.0,0.6388888888888888,6.547444281030734,7,153.0,0.3234323467021397,7,153.0
2275.0,13,73.0,2.0277777777777777,4.598517273443525,13,203.0,0.18159053073884546,13,203.0
2280.0,13,75.0,1.9230769230769231,3.0638238241548232,13,225.0,0.15258056300008455,13,225.0
2285.0,9,46.0,1.069767441860465,4.510131144454756,9,212.0,0.2207019305416057,9,212.0
2290.0,8,33.0,0.7857142857142857,5.690306523387688,8,166.0,0.2541780002049337,8,166.0
2295.0,5,28.0,0.6666666666666666,6.637646734165961,5,124.0,0.24908573720963428,5,124.0
2300.0,1,1.0,0.02631578947368421,7.306616993463188,1,121.0,0.4067545653401383,1,121.0
2305.0,8,25.0,0.6578947368421053,6.784643645176945,8,134.0,0.3677822493096176,8,134.0
2310.0,12,76.0,2.0,4.758869724662508,12,185.0,0.2039569735473888,12,185.0
2315.0,13,73.0,1.7804878048780488,3.3856451705209714,13,204.0,0.1498720723739955,13,204.0
2320.0,12,43.0,1.1025641025641026,3.4767688234741434,12,193.0,0.14169063771474943,12,193.0
2325.0,11,49.0,1.1666666666666667,5.514909703253958,11,163.0,0.20400026740568705,11,163.0
2330.0,9,50.0,1.25,7.316712641757007,9,142.0,0.33996424270567843,9,142.0
2335.0,0,0.0,0.0,7.509226165112314,0,125.0,0.4176908238415396,0,125.0
2340.0,6,17.0,0.4857142857142857,6.192419324155366,6,138.0,0.2584700873102157,6,138.0
2345.0,12,65.0,1.8055555555555556,4.54889219002465,12,186.0,0.18864093251946593,12,186.0
2350.0,14,72.0,1.945945945945946,3.1956763971688433,14,212.0,0.16322136730876072,14,212.0
2355.0,9,38.0,0.95,4.090887370809545,9,199.0,0.2103661038890158,9,199.0
2360.0,10,29.0,0.6744186046511628,5.335134047346622,10,158.0,0.2145149930395478,10,158.0
2365.0,8,24.0,0.5853658536585366,6.602383332502561,8,149.0,0.29993051780742364,8,149.0
2370.0,0,0.0,0.0,7.178756577848262,0,125.0,0.38768845155521575,0,125.0
2375.0,6,18.0,0.4864864864864865,6.878207312677867,6,138.0,0.3555671583464878,6,138.0
2380.0,12,66.0,1.6923076923076923,5.236659458929057,12,186.0,0.2555008558757083,12,186.0
2385.0,11,63.0,1.5365853658536586,4.2486163256240825,11,203.0,0.2332171497901496,11,203.0
2390.0,10,31.0,0.7045454545454546,4.081335918019219,10,183.0,0.20631828400905605,10,183.0
2395.0,10,38.0,0.7916666666666666,5.788389904508084,10,148.0,0.24718479900520357,10,148.0
2400.0,6,12.0,0.2608695652173913,5.261618339587478,6,177.0,0.2644701419910275,6,177.0
2405.0,9,31.0,0.7209302325581395,5.636926282110874,9,194.0,0.2980000895219147,9,194.0
2410.0,14,88.0,2.046511627906977,5.165403180493487,14,251.0,0.22442028298961877,14,251.0
2415.0,20,176.0,3.911111111111111,3.82692688456586,20,339.0,0.155688292467262,20,339.0
2420.0,22,182.0,4.232558139534884,2.6070257556975096,22,388.0,0.05811415949906829,22,388.0
2425.0,17,130.0,3.0952380952380953,3.8355555104715844,17,377.0,0.12571863625924015,17,377.0
2430.0,15,111.0,2.775,5.596585196502913,15,323.0,0.18470922583407437,15,323.0
2435.0,6,55.0,1.4864864864864864,7.394451006962373,6,278.0,0.36701023118350745,6,278.0
2440.0,1,2.0,0.058823529411764705,7.741089277200744,1,261.0,0.4475708824459467,1,261.0
2445.0,7,26.0,0.7878787878787878,5.965220910593083,7,285.0,0.31199837800446095,7,285.0
2450.0,13,80.0,2.3529411764705883,3.9057590295472675,13,339.0,0.22052087202419116,13,339.0
2455.0,14,82.0,2.2777777777777777,2.6725925870157283,14,354.0,0.1381159127766329,14,354.0
2460.0,11,51.0,1.3076923076923077,3.21270417785006,11,309.0,0.11086399088809859,11,309.0
2465.0,10,45.0,1.125,4.706536216904259,10,253.0,0.1427214237994038,10,253.0
2470.0,5,16.0,0.43243243243243246,4.901943360351689,5,252.0,0.18782969129279647,5,252.0
2475.0,7,21.0,0.6363636363636364,4.634066830670457,7,278.0,0.21098739568970878,7,278.0
2480.0,13,73.0,2.3548387096774195,2.8685121797413093,13,330.0,0.15487531052882492,13,330.0
2485.0,12,74.0,2.0555555555555554,2.6497454145500527,12,335.0,0.17885603793473462,12,335.0
2490.0,9,33.0,0.8048780487804879,3.973063540860342,9,265.0,0.19364639231636327,9,265.0
2495.0,8,28.0,0.6511627906976745,5.581768517293601,8,182.0,0.2206090921745878,8,182.0
2500.0,7,24.0,0.5853658536585366,6.401807747280105,7,161.0,0.26850276880308793,7,161.0
2505.0,1,1.0,0.02702702702702703,7.353630986649677,1,137.0,0.4345512379865462,1,137.0
2510.0,5,18.0,0.47368421052631576,7.030070647547147,5,144.0,0.3657867417335225,5,144.0
2515.0,12,64.0,1.641025641025641,5.5531665319596515,12,190.0,0.27812240535799215,12,190.0
2520.0,12,67.0,1.675,4.1939985563742255,12,215.0,0.20206796030961233,12,215.0
2525.0,8,36.0,0.8372093023255814,5.031495673623868,8,187.0,0.2460111886857947,8,187.0
2530.0,8,25.0,0.5681818181818182,5.8088525656134244,8,137.0,0.2453644433459163,8,137.0
2535.0,5,11.0,0.2619047619047619,5.363842953798903,5,159.0,0.2661187007860107,5,159.0
2540.0,9,33.0,0.8461538461538461,5.917759136404695,9,187.0,0.24640699859577792,9,187.0
2545.0,15,97.0,2.425,4.585587536358773,15,251.0,0.20516581995720065,15,251.0
2550.0,16,104.0,2.6,2.7941903891717472,16,284.0,0.10567292747899273,16,284.0
2555.0,13,69.0,1.6428571428571428,3.962262497197439,13,265.0,0.18443508041243087,13,265.0
2560.0,14,62.0,1.4090909090909092,5.468912689555108,14,216.0,0.23159302198987505,14,216.0
2565.0,8,54.0,1.3170731707317074,6.040024599865857,8,216.0,0.2651178756696463,8,216.0
2570.0,2,2.0,0.05405405405405406,6.1042484892650135,2,199.0,0.2998470686179122,2,199.0
2575.0,7,23.0,0.6388888888888888,6.553663629415714,7,217.0,0.3180007182934509,7,217.0
2580.0,13,77.0,2.138888888888889,4.610686588817051,13,271.0,0.24784364346293908,13,271.0
2585.0,18,155.0,4.1891891891891895,2.675499146082748,18,349.0,0.13296358318284335,18,349.0
2590.0,25,268.0,6.871794871794871,1.2325925030002838,25,462.0,0.02374203965377563,25,462.0
2595.0,28,277.0,6.925,1.1528521478599953,28,529.0,0.021594510045557014,28,529.0
2600.0,22,209.0,5.097560975609756,3.3794281490939606,22,523.0,0.09306606372997182,22,523.0
2605.0,13,148.0,3.7,5.913364751551742,13,427.0,0.20055400336946047,13,427.0
2610.0,5,67.0,1.8108108108108107,7.854478911428487,5,348.0,0.3661090433510637,5,348.0
2615.0,2,5.0,0.14705882352941177,7.789262052968866,2,358.0,0.42021030948072174,2,358.0
2620.0,8,32.0,0.9142857142857143,6.481488756337697,8,385.0,0.35539761173471923,8,385.0
2625.0,13,87.0,2.4166666666666665,4.283951283229447,13,440.0,0.1886391441930694,13,440.0
2630.0,14,85.0,2.361111111111111,2.1639623255504756,14,441.0,0.08496750064018445,14,441.0
2635.0,12,51.0,1.275,3.8049805054078747,12,377.0,0.15618273464609153,12,377.0
2640.0,11,46.0,1.0952380952380953,5.656163708123013,11,276.0,0.22718004728423863,11,276.0
2645.0,6,39.0,1.0263157894736843,7.172699806805147,6,176.0,0.32388723375474665,6,176.0
2650.0,2,2.0,0.05714285714285714,7.522849919028415,2,156.0,0.42619804189843313,2,156.0
2655.0,8,27.0,0.7714285714285715,6.172141871926522,8,181.0,0.3010307265959763,8,181.0
2660.0,14,84.0,2.5454545454545454,3.7757069493458713,14,239.0,0.20733996705345029,14,239.0
2665.0,14,86.0,2.324324324324324,2.996058976856575,14,244.0,0.17772670453542813,14,244.0
2670.0,12,53.0,1.325,3.781721811962872,12,222.0,0.14796571616216378,12,222.0
2675.0,11,46.0,1.1219512195121952,5.193706744237593,11,197.0,0.17054247804227812,11,197.0
2680.0,7,27.0,0.7297297297297297,4.947885147001752,7,217.0,0.20031592155960376,7,217.0
2685.0,7,26.0,0.7878787878787878,4.6691989137212095,7,243.0,0.2149887419200464,7,243.0
2690.0,13,77.0,2.40625,3.3288624682266486,13,294.0,0.17511536309381856,13,294.0
2695.0,15,77.0,2.2,1.582738923068756,15,313.0,0.09725525224348724,15,313.0
2700.0,12,50.0,1.2820512820512822,3.8159282884231382,12,277.0,0.16881432933485796,12,277.0
2705.0,9,41.0,0.9761904761904762,5.868896626297832,9,215.0,0.2341585379627579,9,215.0
2710.0,6,15.0,0.375,5.675151491418086,6,237.0,0.2961426244388733,6,237.0
2715.0,9,32.0,0.8421052631578947,5.616510069307788,9,269.0,0.27688642473018693,9,269.0
2720.0,15,93.0,2.5135135135135136,3.8843027025845123,15,330.0,0.17817435416774938,15,330.0
2725.0,20,182.0,4.333333333333333,3.0332894750755335,20,419.0,0.1641255390232297,20,419.0
2730.0,22,186.0,4.2272727272727275,2.88758407252031,22,461.0,0.11904048907390168,22,461.0
2735.0,18,127.0,2.8222222222222224,4.049923032391166,18,433.0,0.1788075281570578,18,433.0
2740.0,16,114.0,2.533333333333333,5.338757003606798,16,354.0,0.18884369608289606,16,354.0
2745.0,7,52.0,1.2682926829268293,5.024176748367116,7,404.0,0.23874023021008772,7,404.0
2750.0,6,29.0,0.7435897435897436,5.65785286569271,6,430.0,0.25978534759141003,6,430.0
2755.0,14,83.0,2.128205128205128,4.456905705560056,14,484.0,0.17703009783633578,14,484.0
2760.0,20,168.0,4.0,3.1333697443971182,20,569.0,0.15961890373089355,20,569.0
2765.0,21,168.0,4.097560975609756,1.7121006725139996,21,588.0,0.09318476486428928,21,588.0
2770.0,20,139.0,3.2325581395348837,2.956653482560186,20,543.0,0.1252174598440146,20,543.0
2775.0,18,122.0,2.8372093023255816,4.627040821549709,18,447.0,0.14289253580285194,18,447.0
2780.0,10,97.0,2.3658536585365852,6.5135377921037,10,399.0,0.30066333275594104,10,399.0
2785.0,1,1.0,0.02631578947368421,7.2866490393706025,1,337.0,0.3997794804592457,1,337.0
2790.0,6,19.0,0.5277777777777778,6.467304487618002,6,333.0,0.2946440800418894,6,333.0
2795.0,12,65.0,1.8055555555555556,4.408376969831733,12,381.0,0.1999254174440605,12,381.0
2800.0,13,67.0,1.763157894736842,3.4207548558297636,13,380.0,0.16234074847580995,13,380.0
2805.0,10,44.0,1.1282051282051282,4.022994072742828,10,264.0,0.14920593681047412,10,264.0
2810.0,7,25.0,0.625,5.513552169773149,7,194.0,0.18451176315242515,7,194.0
2815.0,7,18.0,0.47368421052631576,7.290054135065418,7,116.0,0.3345921118388458,7,116.0
2820.0,2,2.0,0.05263157894736842,8.047275837374146,2,116.0,0.5022480705933686,2,116.0
2825.0,6,23.0,0.6388888888888888,6.518157518690014,6,137.0,0.3587723292180048,6,137.0
2830.0,14,74.0,2.0555555555555554,4.333302634310048,14,188.0,0.1949648328586626,14,188.0
2835.0,20,158.0,3.95,3.060132218512174,20,273.0,0.10961118914652634,20,273.0
2840.0,21,165.0,4.125,2.057241641354012,21,310.0,0.07121628410400552,21,310.0
2845.0,18,122.0,2.9047619047619047,3.830540236831964,18,298.0,0.14304011917734386,18,298.0
2850.0,15,106.0,2.409090909090909,6.240893361248393,15,286.0,0.27265664030291853,15,286.0
2855.0,6,52.0,1.2380952380952381,7.260335389662223,6,250.0,0.3769886258249436,6,250.0
2860.0,1,2.0,0.05405405405405406,7.1544253822421,1,237.0,0.40006762049633526,1,237.0
2865.0,7,23.0,0.6388888888888888,6.528788209061706,7,256.0,0.3341785850762665,7,256.0
2870.0,12,74.0,1.9473684210526316,5.16612801440183,12,307.0,0.23400006328571932,12,307.0
2875.0,19,154.0,3.948717948717949,3.6004959824084617,19,387.0,0.17264751709215445,19,387.0
2880.0,25,266.0,6.487804878048781,2.2011311051543228,25,499.0,0.11358296589292464,25,499.0
2885.0,31,408.0,9.951219512195122,1.2321018660393575,31,641.0,0.0518470309482373,31,641.0
2890.0,32,410.0,9.534883720930232,1.5464483200013934,32,715.0,0.058914698766928626,32,715.0
2895.0,24,308.0,7.0,3.533746420473911,24,699.0,0.16835536885290867,24,699.0
2900.0,16,233.0,5.177777777777778,5.629413590713819,16,577.0,0.2561927381945021,16,577.0
2905.0,7,93.0,2.066666666666667,6.854118859051031,7,433.0,0.3214270551913197,7,433.0
2910.0,2,2.0,0.05,6.886582990902267,2,423.0,0.38507298053151945,2,423.0
2915.0,7,27.0,0.675,6.426472515473369,7,435.0,0.33670140877589,7,435.0
2920.0,12,79.0,1.9268292682926829,5.163024134286539,12,487.0,0.22775299133634436,12,487.0
2925.0,14,80.0,1.9047619047619047,4.0695724086050085,14,471.0,0.2005584180137636,14,471.0
2930.0,11,48.0,1.1428571428571428,3.9880182243324445,11,399.0,0.1707066291278787,11,399.0
2935.0,12,43.0,0.9555555555555556,5.6019960289801585,12,277.0,0.2335382439278126,12,277.0
2940.0,6,15.0,0.35714285714285715,5.533604983005001,6,302.0,0.2705832655906954,6,302.0
2945.0,7,24.0,0.631578947368421,5.480903669237431,7,323.0,0.24416296457073616,7,323.0
2950.0,14,79.0,1.9268292682926829,4.6013256494439405,14,378.0,0.235720639618927,14,378.0
2955.0,15,87.0,2.0232558139534884,3.6051040436941046,15,378.0,0.19775729064398975,15,378.0
2960.0,11,52.0,1.2682926829268293,3.570984247335081,11,293.0,0.16462556634469314,11,293.0
2965.0,14,54.0,1.2272727272727273,5.126582872828384,14,217.0,0.1640310855020523,14,217.0
2970.0,6,29.0,0.6744186046511628,5.599812137691301,6,264.0,0.28201748781695407,6,264.0
2975.0,6,24.0,0.6,5.8241230323126505,6,280.0,0.2869800704945851,6,280.0
2980.0,13,76.0,1.9487179487179487,4.556882461641729,13,332.0,0.17913990567311083,13,332.0
2985.0,14,79.0,1.9268292682926829,3.0439020053936794,14,349.0,0.12416781057338715,14,349.0
2990.0,12,56.0,1.302325581395349,3.9131323677487564,12,316.0,0.15909978751395523,12,316.0
2995.0,12,55.0,1.2790697674418605,5.083440058020369,12,263.0,0.20405534990421523,12,263.0
3000.0,6,19.0,0.475,5.108906947885768,6,265.0,0.2139487321457786,6,265.0
3005.0,7,24.0,0.6666666666666666,5.360211670021084,7,287.0,0.22990221351482237,7,287.0
3010.0,12,74.0,2.0555555555555554,3.6679044878171103,12,337.0,0.15269200496284796,12,337.0
3015.0,12,71.0,2.0285714285714285,2.157315960518203,12,341.0,0.13751394605242123,12,341.0
3020.0,10,36.0,0.9473684210526315,3.312793791352061,10,290.0,0.12582431905880131,10,290.0
3025.0,13,45.0,1.0975609756097562,4.992819134179978,13,210.0,0.14590186393311283,13,210.0
3030.0,7,17.0,0.4473684210526316,5.416246722820261,7,239.0,0.2583277654531729,7,239.0
3035.0,8,28.0,0.8235294117647058,5.038046348740346,8,271.0,0.24676889753812234,8,271.0
3040.0,12,78.0,2.2285714285714286,3.7402651220734544,12,321.0,0.21303880066109349,12,321.0
3045.0,14,77.0,1.9743589743589745,2.84110224714003,14,326.0,0.19683513146093837,14,326.0
3050.0,13,53.0,1.2619047619047619,3.5514782140194634,13,294.0,0.1728377590297946,13,294.0
3055.0,12,57.0,1.2954545454545454,4.644819844375901,12,247.0,0.14987063770653677,12,247.0
3060.0,6,16.0,0.4,4.594412150195718,6,254.0,0.18548650758431864,6,254.0
3065.0,6,20.0,0.5263157894736842,5.423038241018853,6,265.0,0.24714289495557434,6,265.0
3070.0,13,69.0,1.725,4.268427714989114,13,314.0,0.21690953578933114,13,314.0
3075.0,14,72.0,1.7142857142857142,3.2265547768466187,14,322.0,0.19374072843143922,14,322.0
3080.0,13,56.0,1.302325581395349,4.147373217672824,13,289.0,0.2051671649586419,13,289.0
3085.0,13,48.0,1.0212765957446808,5.245867695419322,13,224.0,0.19683551586676207,13,224.0
3090.0,13,67.0,1.5227272727272727,6.396504862909136,13,219.0,0.2741953527561171,13,219.0
3095.0,5,12.0,0.3157894736842105,6.2217124249912334,5,197.0,0.30310358500102336,5,197.0
3100.0,9,29.0,0.7631578947368421,5.9247075781798655,9,189.0,0.2664477968071272,9,189.0
3105.0,13,79.0,2.0789473684210527,4.922847028763013,13,229.0,0.17380988436133407,13,229.0
3110.0,20,163.0,4.17948717948718,3.337931941806147,20,313.0,0.1315090227667254,20,313.0
3115.0,26,282.0,7.230769230769231,1.38103223458071,26,432.0,0.05283235090387582,26,432.0
3120.0,29,289.0,7.048780487804878,1.4809918179185562,29,505.0,0.06860000609508923,29,505.0
3125.0,22,222.0,5.285714285714286,3.4762956212579175,22,498.0,0.12732071046587745,22,498.0
3130.0,14,157.0,3.8292682926829267,5.628972384568016,14,426.0,0.18775211479374318,14,426.0
3135.0,8,83.0,2.075,7.243019348361432,8,365.0,0.33842149197573446,8,365.0
3140.0,1,1.0,0.02857142857142857,7.46721521217797,1,339.0,0.44244302522638906,1,339.0
3145.0,6,20.0,0.5405405405405406,7.082525037731368,6,354.0,0.33320356864578216,6,354.0
3150.0,13,70.0,1.9444444444444444,4.72704450735528,13,404.0,0.2159831816555284,13,404.0
3155.0,16,84.0,2.27027027027027,2.402028872958177,16,414.0,0.11272283628559011,16,414.0
3160.0,13,71.0,1.775,3.5808595538088355,13,371.0,0.15152363552128087,13,371.0
3165.0,10,51.0,1.2142857142857142,5.257619329358608,10,280.0,0.1657201915412388,10,280.0
3170.0,9,49.0,1.2564102564102564,6.296559886248746,9,227.0,0.28106452704885027,9,227.0
3175.0,2,2.0,0.05405405405405406,7.102396172715685,2,188.0,0.4068359885162799,2,188.0
3180.0,9,31.0,0.7948717948717948,6.670326620927627,9,207.0,0.35286979241909117,9,207.0
3185.0,15,90.0,2.4324324324324325,4.686073841465447,15,267.0,0.2281263561459174,15,267.0
3190.0,16,95.0,2.5,2.4008291971453133,16,272.0,0.11856779643745785,16,272.0
3195.0,13,65.0,1.5853658536585367,3.315533283992448,13,226.0,0.1175060317215713,13,226.0
3200.0,13,65.0,1.5116279069767442,5.052128473915643,13,209.0,0.1876612983236971,13,209.0
3205.0,7,58.0,1.4146341463414633,6.99411939959788,7,188.0,0.3481898436699209,7,188.0
3210.0,2,3.0,0.08333333333333333,7.2566795728621765,2,158.0,0.43307015508246366,2,158.0
3215.0,8,30.0,0.8333333333333334,6.57675731515832,8,170.0,0.341010553131087,8,170.0
3220.0,14,87.0,2.4166666666666665,4.99756515375962,14,227.0,0.2488402441270575,14,227.0
3225.0,20,177.0,4.538461538461538,3.627295783847211,20,318.0,0.17826309969995552,20,318.0
3230.0,26,298.0,7.095238095238095,2.8148170239484025,26,440.0,0.1464748730284057,26,440.0
3235.0,33,449.0,10.204545454545455,2.1857797704620747,33,591.0,0.0974317862010684,33,591.0
3240.0,37,627.0,13.630434782608695,2.321151568834093,37,770.0,0.08952676674699525,37,770.0
3245.0,33,611.0,13.577777777777778,2.0700469394892655,33,859.0,0.09457618075851026,33,859.0
3250.0,24,449.0,9.553191489361701,3.5955974718095614,24,833.0,0.15889131171656112,24,833.0
3255.0,18,332.0,7.0638297872340425,5.085851925187904,18,718.0,0.20876440348301908,18,718.0
3260.0,10,142.0,3.1555555555555554,5.986899576860253,10,643.0,0.29793346477949095,10,643.0
3265.0,3,7.0,0.16666666666666666,6.29951995136495,3,570.0,0.33726929107822773,3,570.0
3270.0,5,19.0,0.4418604651162791,6.841309723737568,5,551.0,0.37246974434060437,5,551.0
3275.0,13,66.0,1.5,6.277489228380881,13,591.0,0.23004722332992636,13,591.0
3280.0,14,66.0,1.434782608695652,4.549611593532639,14,568.0,0.22168708684846142,14,568.0
3285.0,12,41.0,0.9111111111111111,4.456894276672958,12,473.0,0.21155735271161288,12,473.0
3290.0,12,50.0,1.1111111111111112,4.7345552187864755,12,358.0,0.16188996117455448,12,358.0
3295.0,8,19.0,0.4318181818181818,4.875836739308447,8,354.0,0.1926997609036048,8,354.0
3300.0,7,25.0,0.5952380952380952,6.066232900859795,7,359.0,0.31686016175870396,7,359.0
3305.0,13,76.0,1.7674418604651163,5.209700729761242,13,409.0,0.22948303079799617,13,409.0
3310.0,14,76.0,1.7272727272727273,3.9726171447946426,14,391.0,0.1896291929974746,14,391.0
3315.0,13,50.0,1.1904761904761905,3.404281554701803,13,287.0,0.1461839921106958,13,287.0
3320.0,16,62.0,1.3777777777777778,4.825215302512837,16,212.0,0.17407417989211682,16,212.0
3325.0,6,24.0,0.5454545454545454,5.151114672586664,6,248.0,0.2565013447647519,6,248.0
3330.0,8,28.0,0.7,5.761423043764997,8,257.0,0.27677268231821983,8,257.0
3335.0,13,82.0,1.9069767441860466,4.997761597019727,13,311.0,0.21727001040612554,13,311.0
3340.0,14,84.0,1.9090909090909092,4.040694913984869,14,332.0,0.20010181296235874,14,332.0
3345.0,14,53.0,1.2325581395348837,3.91154666414867,14,299.0,0.15480407434227153,14,299.0
3350.0,13,58.0,1.3181818181818181,4.9577401528499,13,243.0,0.15185742632230687,13,243.0
3355.0,10,62.0,1.55,6.281244132701171,10,222.0,0.2545663850108407,10,222.0
3360.0,0,0.0,0.0,6.742983727964142,0,201.0,0.35848577956883365,0,201.0
3365.0,7,20.0,0.5128205128205128,6.747363895119227,7,191.0,0.37499800836818936,7,191.0
3370.0,12,71.0,1.775,5.277679290021156,12,242.0,0.28433386259883975,12,242.0
3375.0,12,72.0,1.7560975609756098,3.496182562837965,12,260.0,0.20153104623072543,12,260.0
3380.0,16,54.0,1.2272727272727273,3.899594171083756,16,212.0,0.15804605538024585,16,212.0
3385.0,15,68.0,1.4166666666666667,5.363015331316653,15,193.0,0.1893889441098345,15,193.0
3390.0,8,27.0,0.6136363636363636,4.777078617921944,8,231.0,0.22577227905611238,8,231.0
3395.0,8,30.0,0.7692307692307693,5.22191195262997,8,224.0,0.2580222317412961,8,224.0
3400.0,14,87.0,2.0232558139534884,4.552430150549194,14,271.0,0.13347255482448597,14,271.0
3405.0,21,175.0,4.166666666666667,3.343158558395337,21,359.0,0.09612541138148127,21,359.0
3410.0,28,299.0,7.666666666666667,1.2582555289342436,28,484.0,0.0377437519329898,28,484.0
3415.0,29,313.0,7.825,0.8886573889660256,29,559.0,0.018608214220300075,29,559.0
3420.0,23,243.0,5.785714285714286,3.356096148778615,23,552.0,0.14771261922272813,23,552.0
3425.0,15,192.0,4.465116279069767,5.743763962219052,15,478.0,0.25078154000784947,15,478.0
3430.0,8,105.0,2.441860465116279,7.146903093870676,8,408.0,0.3618676277960401,8,408.0
3435.0,2,3.0,0.07894736842105263,7.3709848719498465,2,380.0,0.4598993884526311,2,380.0
3440.0,7,29.0,0.7435897435897436,6.726809798150046,7,404.0,0.3542130774353386,7,404.0
3445.0,12,79.0,2.0256410256410255,5.31293348554213,12,454.0,0.22126737747825248,12,454.0
3450.0,15,75.0,1.9736842105263157,3.0381962212309173,15,455.0,0.12997959208267673,15,455.0
3455.0,10,43.0,1.075,3.4339265365413874,10,375.0,0.12229251326743772,10,375.0
3460.0,8,39.0,0.975,5.210118874782104,8,253.0,0.15486067612262525,8,253.0
3465.0,7,18.0,0.46153846153846156,5.274279440611993,7,268.0,0.22688466693136686,7,268.0
3470.0,7,27.0,0.7714285714285715,5.279778284366144,7,297.0,0.28349700220072976,7,297.0
3475.0,12,77.0,2.081081081081081,3.5797593161790457,12,347.0,0.2142776039817782,12,347.0
3480.0,14,74.0,2.0,1.6109540469403327,14,339.0,0.09672307036682139,14,339.0
3485.0,13,50.0,1.25,2.997723288811691,13,265.0,0.10401795761981679,13,265.0
3490.0,14,65.0,1.5116279069767442,5.1131034118617285,14,204.0,0.15926233302944326,14,204.0
3495.0,9,70.0,1.75,6.96953506729799,9,197.0,0.32576093684240315,9,197.0
3500.0,1,2.0,0.05128205128205128,7.88886420678343,1,168.0,0.46096415186529144,1,168.0
3505.0,7,26.0,0.6842105263157895,6.718530291005754,7,163.0,0.35317295869626275,7,163.0
3510.0,13,80.0,2.051282051282051,5.083567028808889,13,217.0,0.22181326542355212,13,217.0
3515.0,14,82.0,2.05,3.5328335176010155,14,246.0,0.14611541298462039,14,246.0
3520.0,10,45.0,1.0714285714285714,4.015417709919087,10,213.0,0.16061702929847674,10,213.0
3525.0,11,39.0,0.8863636363636364,5.660147175048985,11,170.0,0.23234833772073568,11,170.0
3530.0,7,35.0,0.8536585365853658,7.246910852881933,7,149.0,0.33948951339020134,7,149.0
3535.0,0,0.0,0.0,6.8112574889183515,0,127.0,0.34224567512117887,0,127.0
3540.0,6,18.0,0.5,6.344518269329618,6,143.0,0.32618143805104377,6,143.0
3545.0,12,62.0,1.631578947368421,4.583261004141242,12,187.0,0.24040671281935722,12,187.0
3550.0,13,63.0,1.575,3.078373521958784,13,205.0,0.16614885715741132,13,205.0
3555.0,10,40.0,0.975609756097561,3.467246407595574,10,177.0,0.1321712382934913,10,177.0
3560.0,12,53.0,1.2045454545454546,5.660005062058588,12,166.0,0.209557582069688,12,166.0
3565.0,9,63.0,1.5365853658536586,7.129046303152233,9,149.0,0.3089898543481728,9,149.0
3570.0,1,3.0,0.08108108108108109,6.723424702283969,1,133.0,0.34745880544348123,1,133.0
3575.0,6,28.0,0.7777777777777778,6.44266018689836,6,126.0,0.3194517537171606,6,126.0
3580.0,12,81.0,2.189189189189189,4.747209408275857,12,179.0,0.18710453263700316,12,179.0
3585.0,14,79.0,2.135135135135135,3.205529345496136,14,204.0,0.10756459997116341,14,204.0
3590.0,10,45.0,1.1842105263157894,3.707064023230353,10,192.0,0.09741991435134463,10,192.0
3595.0,10,36.0,0.9,5.404309185908048,10,154.0,0.18608833203550526,10,154.0
3600.0,5,22.0,0.5641025641025641,7.457999194676427,5,147.0,0.4013991930636794,5,147.0
3605.0,0,0.0,0.0,7.943090335379134,0,132.0,0.4496286381411415,0,132.0
3610.0,5,16.0,0.45714285714285713,6.371088399312939,5,148.0,0.3268233390814187,5,148.0
3615.0,11,60.0,1.6666666666666667,4.8526309365968,11,192.0,0.29121395935232247,11,192.0
3620.0,13,59.0,1.5128205128205128,3.830636725959173,13,211.0,0.25000310631190925,13,211.0
3625.0,11,38.0,0.9047619047619048,3.583073931987401,11,199.0,0.15951475529190656,11,199.0
3630.0,13,50.0,1.1363636363636365,4.6925388888011,13,166.0,0.14801616923339195,13,166.0
3635.0,7,18.0,0.43902439024390244,4.812996327306199,7,193.0,0.22145741574888167,7,193.0
3640.0,7,28.0,0.7567567567567568,5.339830254118717,7,197.0,0.25043778441478415,7,197.0
3645.0,13,80.0,2.051282051282051,4.329442644770628,13,249.0,0.184242348031885,13,249.0
3650.0,15,79.0,2.0789473684210527,2.57312935197714,15,271.0,0.1067764198106737,15,271.0
3655.0,13,55.0,1.4473684210526316,3.166167993881284,13,220.0,0.10200796499563747,13,220.0
3660.0,14,57.0,1.3571428571428572,5.425477344584597,14,204.0,0.20582804344511346,14,204.0
3665.0,6,37.0,0.9024390243902439,7.34245705940826,6,187.0,0.3532342479339581,6,187.0
3670.0,1,1.0,0.02702702702702703,7.654386903593421,1,158.0,0.4497018206273089,1,158.0
3675.0,7,22.0,0.6111111111111112,6.786192716033815,7,179.0,0.3233415142860063,7,179.0
3680.0,14,74.0,1.9473684210526316,4.867258057605096,14,231.0,0.23330762711335432,14,231.0
3685.0,13,77.0,1.925,3.510339900099615,13,257.0,0.19747639595158928,13,257.0
3690.0,11,50.0,1.2195121951219512,3.9014881861885278,11,208.0,0.17514999256809521,11,208.0
3695.0,11,46.0,1.069767441860465,5.567839732417304,11,185.0,0.2032558363437846,11,185.0
3700.0,8,24.0,0.5853658536585366,5.301069393509024,8,210.0,0.243966046140825,8,210.0
3705.0,7,31.0,0.8611111111111112,5.258617326297932,7,234.0,0.24448739334514763,7,234.0
3710.0,12,81.0,2.1315789473684212,4.143627099173613,12,285.0,0.19754687868116758,12,285.0
3715.0,14,77.0,1.9743589743589745,2.739376990156104,14,303.0,0.09824751495260717,14,303.0
3720.0,12,51.0,1.275,3.540283763387386,12,268.0,0.12953918049206953,12,268.0
3725.0,11,48.0,1.170731707317073,5.38214276921501,11,213.0,0.17614572735963968,11,213.0
3730.0,7,40.0,1.0256410256410255,6.641931239892244,7,201.0,0.284148077751167,7,201.0
3735.0,1,2.0,0.05714285714285714,7.164108912315766,1,187.0,0.3966316502509791,1,187.0
3740.0,7,27.0,0.8181818181818182,5.744652398057249,7,209.0,0.27525456006739263,7,209.0
3745.0,14,81.0,2.3823529411764706,3.8341346555447395,14,263.0,0.16268386218528197,14,263.0
3750.0,20,172.0,5.0588235294117645,1.7173360082802864,20,354.0,0.0992743912904457,20,354.0
3755.0,27,297.0,7.615384615384615,1.3676214014798826,27,479.0,0.08504491950240996,27,479.0
3760.0,34,454.0,11.073170731707316,0.9375240762454613,34,636.0,0.050785220636987795,34,636.0
3765.0,32,462.0,11.268292682926829,0.9953033669995471,32,725.0,0.038363845652557835,32,725.0
3770.0,24,376.0,9.170731707317072,2.775493187974227,24,707.0,0.10272752113845403,24,707.0
3775.0,16,263.0,5.844444444444444,5.837982499176351,16,638.0,0.2572640227156002,16,638.0
3780.0,7,119.0,2.7674418604651163,6.349734091580071,7,638.0,0.32905861972023337,7,638.0
3785.0,8,29.0,0.7435897435897436,5.9576613046434845,8,671.0,0.2690858245576647,8,671.0
3790.0,15,89.0,2.282051282051282,4.353233772766626,15,731.0,0.16375030042008945,15,731.0
3795.0,14,88.0,2.3157894736842106,2.8432306649836896,14,718.0,0.10002637595099471,14,718.0
3800.0,13,56.0,1.4,4.07831767872291,13,614.0,0.16433124350609007,13,614.0
3805.0,12,51.0,1.2142857142857142,5.931016554122358,12,448.0,0.233376306175861,12,448.0
3810.0,6,21.0,0.525,5.708590893553309,6,479.0,0.300200498126858,6,479.0
3815.0,8,32.0,0.8648648648648649,5.7312169931334465,8,512.0,0.3033368033592469,8,512.0
3820.0,14,93.0,2.4473684210526314,3.9065833844173747,14,573.0,0.21721657668758038,14,573.0
3825.0,15,93.0,2.268292682926829,2.838106709731379,15,559.0,0.13717470375470736,15,559.0
3830.0,15,74.0,1.7209302325581395,3.673091964777389,15,464.0,0.14344975272516994,15,464.0
3835.0,14,67.0,1.488888888888889,5.135927835334188,14,335.0,0.20740868600732726,14,335.0
3840.0,7,27.0,0.6428571428571429,5.221650074808603,7,330.0,0.22809553887277798,7,330.0
3845.0,9,31.0,0.8157894736842105,5.368227228967567,9,354.0,0.23196506917401424,9,354.0
3850.0,14,93.0,2.5135135135135136,4.129333231536194,14,416.0,0.16889334722770052,14,416.0
3855.0,15,94.0,2.41025641025641,3.249423651541652,15,391.0,0.16761268532613532,15,391.0
3860.0,13,61.0,1.605263157894737,3.41973139436078,13,346.0,0.13597619941200526,13,346.0
3865.0,10,41.0,1.0,5.336717614310166,10,249.0,0.17951090061959576,10,249.0
3870.0,6,31.0,0.8157894736842105,7.142588965032458,6,191.0,0.34350279173832216,6,191.0
3875.0,2,2.0,0.05714285714285714,7.689053568683718,2,169.0,0.4566004344303956,2,169.0
3880.0,6,24.0,0.6666666666666666,6.721002699007354,6,191.0,0.3435394443028911,6,191.0
3885.0,12,75.0,2.0833333333333335,4.5169693490535865,12,242.0,0.24538923057434583,12,242.0
3890.0,11,65.0,1.7105263157894737,3.043681493294772,11,249.0,0.1664605685376239,11,249.0
3895.0,10,36.0,0.8780487804878049,3.542501640230571,10,207.0,0.1339617311460462,10,207.0
3900.0,11,43.0,1.0,5.228702023121469,11,158.0,0.2036754268498733,11,158.0
3905.0,10,56.0,1.435897435897436,6.138738019263239,10,163.0,0.289625284710221,10,163.0
3910.0,2,4.0,0.10526315789473684,7.281947582656498,2,131.0,0.42152482754270515,2,131.0
3915.0,6,27.0,0.6923076923076923,7.186917836514825,6,138.0,0.3893550610261249,6,138.0
3920.0,14,79.0,2.0256410256410255,5.2016764868270675,14,190.0,0.2504295929698126,14,190.0
3925.0,13,72.0,1.7560975609756098,3.8961399734535513,13,208.0,0.21987445715060383,13,208.0
3930.0,12,46.0,1.0952380952380953,3.6192617776202374,12,183.0,0.13557660219761694,12,183.0
3935.0,15,62.0,1.3777777777777778,5.1153319845258,15,181.0,0.16866940641646747,15,181.0
3940.0,7,15.0,0.36585365853658536,5.2349503516976625,7,197.0,0.2436718330762382,7,197.0
3945.0,7,31.0,0.8157894736842105,6.216892119515569,7,199.0,0.24722370722443493,7,199.0
3950.0,13,84.0,2.210526315789474,4.343760491937271,13,252.0,0.170888471343412,13,252.0
3955.0,14,81.0,2.1315789473684212,3.04405574708807,14,274.0,0.16081568135894475,14,274.0
3960.0,12,58.0,1.4146341463414633,3.9013271793311386,12,228.0,0.17015063303963918,12,228.0
3965.0,12,47.0,1.0681818181818181,5.37573446282287,12,209.0,0.21117436571809267,12,209.0
3970.0,7,42.0,1.0,6.91308455505466,7,186.0,0.34482100057040077,7,186.0
3975.0,2,2.0,0.05128205128205128,7.266948486969891,2,166.0,0.41265150555584723,2,166.0
3980.0,7,26.0,0.7027027027027027,6.8864941802386035,7,178.0,0.35020856671302214,7,178.0
3985.0,14,79.0,1.9268292682926829,5.456861766749965,14,231.0,0.24641574874397615,14,231.0
3990.0,14,78.0,1.813953488372093,4.31431790772044,14,253.0,0.21813686012865074,14,253.0
3995.0,11,45.0,1.0714285714285714,4.058164548973481,11,196.0,0.18637170920761897,11,196.0
4000.0,12,47.0,1.0444444444444445,5.4939859163396365,12,178.0,0.2097760037377258,12,178.0
4005.0,10,54.0,1.2857142857142858,6.834628852255257,10,158.0,0.3109701644206737,10,158.0
4010.0,2,4.0,0.10256410256410256,6.967627167484998,2,157.0,0.370415366820285,2,157.0
4015.0,7,28.0,0.7567567567567568,6.503765117198841,7,156.0,0.30718409771039606,7,156.0
4020.0,12,79.0,2.135135135135135,4.673466306655121,12,207.0,0.15630132828191465,12,207.0
4025.0,13,76.0,1.9487179487179487,3.7623377818931223,13,225.0,0.17617531385582202,13,225.0
4030.0,9,40.0,1.0,3.851544514750382,9,207.0,0.19190829004606866,9,207.0
4035.0,8,27.0,0.627906976744186,5.463410182598483,8,157.0,0.23422672091490862,8,157.0
4040.0,8,28.0,0.6666666666666666,6.473217560507685,8,147.0,0.3121933585992079,8,147.0
4045.0,0,0.0,0.0,7.176132304701403,0,131.0,0.4162549913497874,0,131.0
4050.0,6,17.0,0.4358974358974359,7.3074844836402075,6,143.0,0.3553246540010421,6,143.0
4055.0,11,60.0,1.6216216216216217,4.705677427093772,11,187.0,0.2252165194251592,11,187.0
4060.0,17,133.0,3.6944444444444446,2.9990482270728633,17,260.0,0.09377954300513486,17,260.0
4065.0,17,127.0,3.097560975609756,2.6776132532357098,17,292.0,0.10836705177208489,17,292.0
4070.0,15,94.0,2.35,3.5989065972577583,15,284.0,0.15569008325410583,15,284.0
4075.0,15,71.0,1.6136363636363635,5.7906260420733435,15,244.0,0.2256169503064172,15,244.0
4080.0,9,52.0,1.3,6.980448470856606,9,212.0,0.3175038738543319,9,212.0
4085.0,1,1.0,0.02857142857142857,6.493114310118664,1,192.0,0.3318421180742882,1,192.0
4090.0,7,26.0,0.7027027027027027,6.773073854495537,7,213.0,0.3249904446281955,7,213.0
4095.0,13,78.0,2.1666666666666665,4.926617901719394,13,265.0,0.22526201225665002,13,265.0
4100.0,13,79.0,2.1944444444444446,2.670025676661166,13,285.0,0.1584607391724445,13,285.0
4105.0,13,50.0,1.2195121951219512,3.50089061548866,13,260.0,0.14692494114061377,13,260.0
4110.0,13,57.0,1.3255813953488371,5.252423026165929,13,229.0,0.1762194872685612,13,229.0
4115.0,5,12.0,0.3,5.063240643546166,5,230.0,0.22616854462548172,5,230.0
4120.0,7,24.0,0.631578947368421,5.928661759284885,7,247.0,0.2786225196900253,7,247.0
4125.0,13,75.0,1.9736842105263157,4.356540822496538,13,298.0,0.22611629408785558,13,298.0
4130.0,15,77.0,1.925,2.8500847022284583,15,311.0,0.15779437149686862,15,311.0
4135.0,13,52.0,1.2380952380952381,3.97557070840165,13,268.0,0.16798682582975263,13,268.0
4140.0,12,52.0,1.1555555555555554,5.316079348629762,12,211.0,0.20244286943917375,12,211.0
4145.0,6,15.0,0.35714285714285715,5.544929613794547,6,232.0,0.29369517732687367,6,232.0
4150.0,8,32.0,0.8205128205128205,5.817514556876341,8,256.0,0.28356367103987556,8,256.0
4155.0,16,97.0,2.425,4.611402665638662,16,322.0,0.2131790829917742,16,322.0
4160.0,20,190.0,4.75,2.5850425152583396,20,415.0,0.07990318371864365,20,415.0
4165.0,20,189.0,4.725,1.8128213592488378,20,455.0,0.04640900450727893,20,455.0
4170.0,19,129.0,3.1463414634146343,3.335424932154692,19,403.0,0.12901548520243306,19,403.0
4175.0,14,99.0,2.357142857142857,5.8156562090727615,14,375.0,0.25245267169467905,14,375.0
4180.0,4,36.0,0.9230769230769231,6.16696173719867,4,354.0,0.27293473674347224,4,354.0
4185.0,7,22.0,0.5789473684210527,6.35182052625569,7,380.0,0.3502655966956951,7,380.0
4190.0,13,72.0,1.945945945945946,4.4198234402608945,13,430.0,0.2477547890420379,13,430.0
4195.0,12,73.0,1.9210526315789473,2.2444016550587507,12,431.0,0.1219386363963169,12,431.0
4200.0,14,52.0,1.3,2.8252493405692087,14,377.0,0.10364362369077323,14,377.0
4205.0,12,61.0,1.4523809523809523,4.538093160858501,12,286.0,0.1298076445274535,12,286.0
4210.0,9,65.0,1.5476190476190477,6.70848273283307,9,237.0,0.30936749844839134,9,237.0
4215.0,1,1.0,0.02702702702702703,7.345479977706587,1,205.0,0.4444594105769147,1,205.0
4220.0,6,20.0,0.5263157894736842,6.8186582576652,6,195.0,0.3582930791198755,6,195.0
4225.0,12,67.0,1.675,5.513796049272577,12,243.0,0.2552641032638214,12,243.0
4230.0,12,68.0,1.6585365853658536,4.114111968479149,12,254.0,0.23786658097944166,12,254.0
4235.0,10,37.0,0.8604651162790697,3.676451075128828,10,200.0,0.18206451017681607,10,200.0
4240.0,12,39.0,0.8666666666666667,4.879825550232921,12,158.0,0.1653252536775599,12,158.0
4245.0,6,11.0,0.2619047619047619,4.881181379053056,6,188.0,0.22405326089104075,6,188.0
4250.0,7,28.0,0.6829268292682927,5.985198417938148,7,196.0,0.30275643448274714,7,196.0
4255.0,14,82.0,2.0,4.626319757786252,14,250.0,0.21858256449142335,14,250.0
4260.0,15,83.0,1.9761904761904763,2.8761595627038785,15,272.0,0.153525480488064,15,272.0
4265.0,14,63.0,1.4318181818181819,3.8299034200006985,14,252.0,0.18812271714247603,14,252.0
4270.0,15,76.0,1.5833333333333333,5.224921154718015,15,222.0,0.22150298438852728,15,222.0
4275.0,11,82.0,1.8636363636363635,5.99610950311481,11,233.0,0.3096435162839364,11,233.0
4280.0,5,10.0,0.23809523809523808,6.120452293137091,5,207.0,0.32033023598944566,5,207.0
4285.0,7,25.0,0.625,6.38195390522232,7,183.0,0.32574369616961185,7,183.0
4290.0,13,75.0,1.875,4.981705892123762,13,224.0,0.20062722001531777,13,224.0
4295.0,13,71.0,1.7317073170731707,4.058249159272409,13,241.0,0.13669481732618566,13,241.0
4300.0,11,39.0,0.975,3.9725191570483362,11,210.0,0.14740821638221963,11,210.0
4305.0,8,33.0,0.825,5.38428633600857,8,158.0,0.20729749196067462,8,158.0
4310.0,7,24.0,0.6153846153846154,6.837367882314426,7,140.0,0.3193612376449437,7,140.0
4315.0,1,1.0,0.029411764705882353,7.287772078617073,1,117.0,0.39870223993239345,1,117.0
4320.0,6,21.0,0.6363636363636364,6.046989213550491,6,137.0,0.2792786323368651,6,137.0
4325.0,11,67.0,2.161290322580645,3.169788847675746,11,183.0,0.14725756977699714,11,183.0
4330.0,13,68.0,1.9428571428571428,2.2264218347642997,13,205.0,0.14644460403771845,13,205.0
4335.0,8,35.0,0.8974358974358975,4.018712699014729,8,187.0,0.18612642114606107,8,187.0
4340.0,8,27.0,0.6585365853658537,5.3670341821055825,8,147.0,0.1812538921855211,8,147.0
4345.0,7,19.0,0.48717948717948717,5.494422626152867,7,184.0,0.24153339499957083,7,184.0
4350.0,9,34.0,0.9714285714285714,5.122853437022603,9,220.0,0.24140225178739963,9,220.0
4355.0,16,100.0,2.7777777777777777,4.15380259039495,16,286.0,0.2134917882686804,16,286.0
4360.0,20,189.0,4.725,2.8102765612871536,20,375.0,0.18060847297917584,20,375.0
4365.0,23,194.0,4.619047619047619,1.7237202753381555,23,423.0,0.10911642226159213,23,423.0
4370.0,21,143.0,3.0425531914893615,3.5817756199613764,21,390.0,0.15789844569135075,21,390.0
4375.0,18,137.0,2.9148936170212765,5.145678265030228,18,375.0,0.18429327993039632,18,375.0
4380.0,13,119.0,2.7045454545454546,6.252313699132122,13,330.0,0.2744359897565562,13,330.0
4385.0,4,19.0,0.4523809523809524,6.811669275564932,4,332.0,0.3589814502334409,4,332.0
4390.0,7,25.0,0.5952380952380952,6.368995318916572,7,307.0,0.3342235823485338,7,307.0
4395.0,13,78.0,1.813953488372093,5.4375003136559155,13,342.0,0.2176239222987351,13,342.0
4400.0,12,79.0,1.7555555555555555,4.631735640978546,12,355.0,0.20779546545281985,12,355.0
4405.0,11,48.0,1.0212765957446808,4.745237176216154,11,306.0,0.23350448653280073,11,306.0
4410.0,12,44.0,0.9361702127659575,5.576007750418285,12,224.0,0.24090983961524343,12,224.0
4415.0,7,14.0,0.30434782608695654,5.097000024830555,7,248.0,0.2367865297937049,7,248.0
4420.0,6,20.0,0.5,5.391534079258994,6,257.0,0.2583069497556979,6,257.0
4425.0,12,64.0,1.4545454545454546,5.0803672369424016,12,301.0,0.21886320446738083,12,301.0
4430.0,12,60.0,1.3636363636363635,4.528350521288561,12,300.0,0.22196377432758524,12,300.0
4435.0,9,34.0,0.7391304347826086,4.508259083843513,9,232.0,0.2307926692274915,9,232.0
4440.0,12,37.0,0.7551020408163265,5.725293074228712,12,171.0,0.2759958496515781,12,171.0
4445.0,7,19.0,0.4222222222222222,4.905768681065795,7,202.0,0.24092947034757606,7,202.0
4450.0,9,32.0,0.7441860465116279,5.739498569876869,9,232.0,0.2924223719045887,9,232.0
4455.0,15,93.0,2.2142857142857144,4.866240155379126,15,294.0,0.1866535124431646,15,294.0
4460.0,15,97.0,2.3095238095238093,3.629890351228112,15,323.0,0.13476566604315024,15,323.0
4465.0,12,59.0,1.372093023255814,4.0095311738922845,12,299.0,0.1525346698756626,12,299.0
4470.0,10,49.0,1.1395348837209303,5.400979330241641,10,235.0,0.2102370410702453,10,235.0
4475.0,9,50.0,1.25,7.0962406407803345,9,186.0,0.3302860326004456,9,186.0
4480.0,2,3.0,0.08571428571428572,6.795572477968196,2,173.0,0.35949446824575926,2,173.0
4485.0,7,25.0,0.7352941176470589,5.967881283707882,7,186.0,0.2470320587971422,7,186.0
4490.0,13,78.0,2.2941176470588234,4.15623387906835,13,239.0,0.15915978853375784,13,239.0
4495.0,13,76.0,2.235294117647059,2.5952904541297097,13,256.0,0.15291219026670771,13,256.0
4500.0,10,39.0,1.054054054054054,3.5307686029208396,10,220.0,0.14788388561828641,10,220.0
4505.0,12,31.0,0.7560975609756098,5.133155831468787,12,162.0,0.21170482116992884,12,162.0
4510.0,8,22.0,0.5641025641025641,5.21949187369925,8,201.0,0.2679893153711262,8,201.0
4515.0,9,34.0,0.9444444444444444,5.068541060908384,9,237.0,0.2663097616099756,9,237.0
4520.0,14,92.0,2.5555555555555554,3.646831743684442,14,295.0,0.15640526099771276,14,295.0
4525.0,14,90.0,2.3076923076923075,2.9947951659181045,14,315.0,0.1465986501893478,14,315.0
4530.0,11,49.0,1.225,3.9360163757401097,11,275.0,0.15582518562504644,11,275.0
4535.0,10,38.0,0.9047619047619048,5.641290832333242,10,212.0,0.21316686889365336,10,212.0
4540.0,7,21.0,0.5384615384615384,5.333949487574575,7,245.0,0.24864794430380452,7,245.0
4545.0,7,30.0,0.8571428571428571,5.446183506041757,7,277.0,0.24986106056667917,7,277.0
4550.0,15,91.0,2.5277777777777777,3.595485390995889,15,338.0,0.14331863879952647,15,338.0
4555.0,16,98.0,2.5128205128205128,2.625717836600981,16,364.0,0.13105169909126896,16,364.0
4560.0,13,65.0,1.6666666666666667,3.651348454619977,13,303.0,0.13623960189092826,13,303.0
4565.0,12,57.0,1.3571428571428572,5.068484061300618,12,251.0,0.15446909095273284,12,251.0
4570.0,7,44.0,1.0731707317073171,7.196463193158459,7,212.0,0.32756048175897695,7,212.0
4575.0,2,2.0,0.05405405405405406,7.736105958600124,2,183.0,0.41187028148900834,2,183.0
4580.0,6,25.0,0.7352941176470589,6.81713434408031,6,198.0,0.30078815177524026,6,198.0
4585.0,12,74.0,2.0555555555555554,4.7108652852677855,12,247.0,0.19527819131316423,12,247.0
4590.0,12,68.0,1.7894736842105263,3.2093695355633582,12,262.0,0.17781877862227258,12,262.0
4595.0,9,37.0,0.925,4.307998715190301,9,219.0,0.21637595785971175,9,219.0
4600.0,8,26.0,0.6190476190476191,5.486669403282609,8,152.0,0.19376433051324551,8,152.0
4605.0,9,31.0,0.775,7.280029848341203,9,129.0,0.30349098810287817,9,129.0
4610.0,1,1.0,0.027777777777777776,7.5671156680534875,1,132.0,0.4108794018385854,1,132.0
4615.0,8,27.0,0.7714285714285715,6.307596166613927,8,145.0,0.2946736263404037,8,145.0
4620.0,14,83.0,2.3055555555555554,4.745307595075267,14,201.0,0.19815895217020232,14,201.0
4625.0,15,84.0,2.1538461538461537,4.092144572286719,15,226.0,0.22184682738127268,15,226.0
4630.0,10,45.0,1.1538461538461537,4.149182603586681,10,198.0,0.18007305083181793,10,198.0
4635.0,12,41.0,0.9761904761904762,5.3400583856322115,12,170.0,0.17746946695427798,12,170.0
4640.0,10,44.0,1.1,7.104608083227808,10,158.0,0.32195965069432436,10,158.0
4645.0,2,4.0,0.11428571428571428,7.329009639850551,2,145.0,0.38649085287558904,2,145.0
4650.0,7,29.0,0.8055555555555556,6.700415392777882,7,158.0,0.32472617838607015,7,158.0
4655.0,13,83.0,2.1842105263157894,5.115562949630924,13,212.0,0.25889661635085026,13,212.0
4660.0,14,79.0,1.975,3.2212720674154114,14,234.0,0.18016204654604487,14,234.0
4665.0,13,55.0,1.3414634146341464,3.1480818381904463,13,226.0,0.12805616358302768,13,226.0
4670.0,12,55.0,1.25,4.744859160099894,12,197.0,0.1396042692216845,12,197.0
4675.0,10,68.0,1.619047619047619,6.766703823591892,10,200.0,0.2972524256737006,10,200.0
4680.0,2,2.0,0.05128205128205128,7.313019251346867,2,164.0,0.4256548128265579,2,164.0
4685.0,7,24.0,0.6153846153846154,6.937418377249476,7,152.0,0.3585193373311804,7,152.0
4690.0,13,77.0,1.925,5.4199549873432655,13,205.0,0.22593094613060036,13,205.0
4695.0,13,74.0,1.8048780487804879,3.6115008483821582,13,220.0,0.1483294471308816,13,220.0
4700.0,10,39.0,0.975,3.8275009295975435,10,189.0,0.11641799210066739,10,189.0
4705.0,11,50.0,1.25,5.252876318577312,11,173.0,0.14397824279263688,11,173.0
4710.0,7,18.0,0.5,5.496722601850675,7,179.0,0.2369648236066708,7,179.0
4715.0,7,24.0,0.7741935483870968,4.839592788378345,7,198.0,0.2029072910703592,7,198.0
4720.0,13,79.0,2.393939393939394,3.4130644700938118,13,253.0,0.20793125293267947,13,253.0
4725.0,13,84.0,2.4,2.307984815622965,13,278.0,0.14858059359957523,13,278.0
4730.0,11,45.0,1.1538461538461537,3.8705241149722625,11,228.0,0.14077191246591722,11,228.0
4735.0,11,40.0,0.9523809523809523,5.90167739850677,11,198.0,0.21611340168048424,11,198.0
4740.0,9,41.0,1.025,7.065012355792996,9,177.0,0.33358356270790396,9,177.0
4745.0,0,0.0,0.0,7.271162215490886,0,152.0,0.38978925486534943,0,152.0
4750.0,5,14.0,0.4,6.597577061667138,5,161.0,0.2936853529485658,5,161.0
4755.0,11,59.0,1.6388888888888888,4.51567075299133,11,206.0,0.18790703542009832,11,206.0
4760.0,12,62.0,1.5897435897435896,3.136078586946172,12,222.0,0.1686761592394994,12,222.0
4765.0,12,51.0,1.2439024390243902,3.9718101788765434,12,203.0,0.18858020437417136,12,203.0
4770.0,11,39.0,0.9069767441860465,5.056841002697172,11,166.0,0.14016423718605162,11,166.0
4775.0,10,47.0,1.175,6.302044404612744,10,170.0,0.2531439676240824,10,170.0
4780.0,1,3.0,0.07894736842105263,6.961607747778992,1,156.0,0.39206994728472844,1,156.0
4785.0,8,31.0,0.8157894736842105,6.623409435184711,8,164.0,0.3484875902746288,8,164.0
4790.0,15,92.0,2.4210526315789473,4.375384927830252,15,225.0,0.18786631847728946,15,225.0
4795.0,15,93.0,2.4473684210526314,2.9757453438638506,15,251.0,0.11778617955175996,15,251.0
4800.0,14,58.0,1.4871794871794872,3.720104247898729,14,241.0,0.11011404441314421,14,241.0
4805.0,11,41.0,1.0512820512820513,5.434690800438608,11,195.0,0.14146820541546162,11,195.0
4810.0,6,21.0,0.6,5.234428652815933,6,227.0,0.21223057652564606,6,227.0
4815.0,7,29.0,0.90625,4.404785416920486,7,257.0,0.27699365228325984,7,257.0
4820.0,14,87.0,2.4166666666666665,3.410521267415616,14,315.0,0.21609790517235564,14,315.0
4825.0,19,174.0,4.578947368421052,2.3280929068350313,19,402.0,0.1321153602337762,19,402.0
4830.0,26,295.0,7.023809523809524,2.0860420464030254,26,523.0,0.07064155978686608,26,523.0
4835.0,28,302.0,6.711111111111111,2.281857155684408,28,590.0,0.0695177393064444,28,590.0
4840.0,23,227.0,5.536585365853658,2.9067245106691786,23,572.0,0.10378635986389437,23,572.0
4845.0,16,169.0,4.121951219512195,4.796620426444965,16,488.0,0.14685444205675477,16,488.0
4850.0,6,71.0,1.868421052631579,4.861731541667509,6,523.0,0.19352555079019526,6,523.0
4855.0,8,25.0,0.7575757575757576,4.627524145690804,8,544.0,0.1769999804499826,8,544.0
4860.0,14,80.0,2.4242424242424243,3.0733229550473595,14,599.0,0.14557052224814726,14,599.0
4865.0,12,77.0,2.2,1.8332559648848652,12,590.0,0.11490126113046849,12,590.0
4870.0,11,43.0,1.1025641025641026,3.881060586404386,11,502.0,0.1812603800001932,11,502.0
4875.0,11,41.0,1.0,5.403758622701262,11,354.0,0.1989657968289374,11,354.0
4880.0,7,29.0,0.7435897435897436,6.891263080492511,7,269.0,0.319658917723189,7,269.0
4885.0,2,2.0,0.058823529411764705,6.977599434988848,2,245.0,0.37404319857504975,2,245.0
4890.0,8,30.0,0.8823529411764706,6.266949020928292,8,273.0,0.2872383107501125,8,273.0
4895.0,12,82.0,2.484848484848485,3.686263190045478,12,325.0,0.1801099807128589,12,325.0
4900.0,13,80.0,2.2857142857142856,2.6763464361365665,13,327.0,0.18725119292569203,13,327.0
4905.0,10,42.0,1.0769230769230769,4.091375689902447,10,218.0,0.17681550457396417,10,218.0
4910.0,13,39.0,0.8863636363636364,5.755809866925082,13,174.0,0.22795649435013585,13,174.0
4915.0,9,48.0,1.2,7.1688965968917895,9,158.0,0.3510759589044868,9,158.0
4920.0,1,2.0,0.05714285714285714,6.898424426115804,1,138.0,0.38445470140948945,1,138.0
4925.0,6,22.0,0.6470588235294118,6.377943495948688,6,149.0,0.2982681156489911,6,149.0
4930.0,11,65.0,1.7105263157894737,4.95050091057175,11,192.0,0.2715172279688333,11,192.0
4935.0,13,59.0,1.5128205128205128,3.718646703472714,13,205.0,0.207568456694281,13,205.0
4940.0,12,55.0,1.3414634146341464,3.7560553360838482,12,196.0,0.1758360114757551,12,196.0
4945.0,9,35.0,0.7954545454545454,5.429915312767243,9,166.0,0.22437148140738133,9,166.0
4950.0,7,12.0,0.27906976744186046,5.3706454366301,7,188.0,0.2826541149022817,7,188.0
4955.0,7,26.0,0.6341463414634146,6.05053964382083,7,206.0,0.31160620489273405,7,206.0
4960.0,13,80.0,2.0,4.4357459229434,13,260.0,0.20083345223674862,13,260.0
4965.0,12,75.0,1.744186046511628,3.4330969091562715,12,277.0,0.1709094041588738,12,277.0
4970.0,11,43.0,0.9772727272727273,4.470938706126067,11,239.0,0.20070701189081597,11,239.0
4975.0,9,40.0,0.8888888888888888,5.492482285543678,9,173.0,0.21320577052079734,9,173.0
4980.0,5,11.0,0.2619047619047619,5.4519824875142024,5,179.0,0.24874237314405948,5,179.0
4985.0,7,24.0,0.631578947368421,6.206832440877044,7,200.0,0.3244120925991098,7,200.0
4990.0,12,74.0,1.85,4.9448054067123035,12,250.0,0.23504795350873844,12,250.0
4995.0,12,69.0,1.7692307692307692,3.347226877532479,12,266.0,0.17927962679192644,12,266.0
5000.0,10,41.0,1.0,3.501245095012176,10,237.0,0.11696870880590719,10,237.0
5005.0,11,47.0,1.0681818181818181,6.076366149811927,11,184.0,0.24312273117502847,11,184.0
